1 666
1 886
1 1170
1 1265
1 1290
1 1306
2 1416
2 1430
2 1437
2 1446
2 1463
2 1465
3 22
3 120
3 471
3 475
3 539
3 1108
4 1442
4 1443
4 1455
4 1461
4 1464
4 1467
5 679
5 961
5 985
5 1102
5 1280
5 1337
6 364
6 488
6 800
6 1099
6 1119
6 1259
7 918
7 980
7 1148
7 1173
7 1185
7 1204
8 1109
8 1171
8 1340
8 1393
8 1440
8 1449
9 644
9 1168
9 1298
9 1374
9 1385
9 1435
10 59
10 171
10 342
10 855
10 965
10 992
11 1220
11 1277
11 1317
11 1322
11 1404
11 1410
12 377
12 1116
12 1151
12 1183
12 1279
12 1309
13 1416
13 1432
13 1446
13 1451
13 1463
13 1465
14 197
14 498
14 1059
14 1098
14 1197
14 1268
15 418
15 497
15 724
15 876
15 966
15 1100
16 770
16 939
16 1037
16 1050
16 1192
16 1215
17 191
17 530
17 794
17 850
17 917
17 951
18 880
18 1066
18 1164
18 1258
18 1335
18 1415
19 108
19 321
19 438
19 451
19 680
19 1033
20 655
20 775
20 802
20 816
20 846
20 953
21 647
21 1072
21 1085
21 1224
21 1291
21 1305
22 33
22 393
22 471
22 475
22 1108
23 991
23 1282
23 1308
23 1316
23 1372
23 1414
24 1266
24 1334
24 1378
24 1391
24 1408
24 1419
25 1216
25 1225
25 1275
25 1327
25 1353
25 1379
26 832
26 878
26 940
26 1000
26 1149
26 1239
27 552
27 1227
27 1258
27 1335
27 1415
27 1436
28 736
28 784
28 999
28 1013
28 1068
28 1132
29 211
29 307
29 477
29 546
29 608
29 907
30 98
30 278
30 628
30 847
30 879
30 1020
31 219
31 502
31 701
31 750
31 926
31 1028
32 1284
32 1355
32 1381
32 1406
32 1424
32 1438
33 120
33 172
33 475
33 616
33 1108
34 113
34 1064
34 1219
34 1256
34 1349
34 1377
35 367
35 670
35 688
35 796
35 896
35 974
36 462
36 817
36 868
36 919
36 1040
36 1143
37 322
37 1164
37 1227
37 1258
37 1415
37 1436
38 215
38 293
38 445
38 727
38 856
38 895
39 412
39 528
39 590
39 704
39 956
39 1118
40 476
40 710
40 957
40 996
40 1074
40 1144
41 621
41 635
41 864
41 1044
41 1061
41 1236
42 649
42 759
42 818
42 1082
42 1127
42 1142
43 168
43 1106
43 1172
43 1175
43 1262
43 1263
44 843
44 898
44 986
44 1243
44 1257
44 1261
45 480
45 715
45 765
45 804
45 931
45 935
46 460
46 1034
46 1054
46 1145
46 1193
46 1319
47 237
47 313
47 314
47 394
47 417
47 808
48 168
48 1096
48 1106
48 1175
48 1262
48 1263
49 697
49 778
49 982
49 1084
49 1095
49 1182
50 337
50 948
50 966
50 1077
50 1100
50 1152
51 380
51 511
51 549
51 719
51 851
51 1097
52 751
52 1035
52 1064
52 1256
52 1349
52 1377
53 503
53 781
53 1069
53 1312
53 1318
53 1412
54 359
54 627
54 797
54 1271
54 1302
54 1425
55 208
55 752
55 987
55 1060
55 1079
55 1194
56 512
56 676
56 1110
56 1212
56 1222
56 1246
57 87
57 247
57 609
57 642
57 653
57 767
58 1220
58 1277
58 1322
58 1388
58 1404
58 1410
59 509
59 852
59 855
59 965
59 992
60 694
60 1021
60 1244
60 1300
60 1363
60 1370
61 1066
61 1164
61 1227
61 1335
61 1415
61 1436
62 705
62 1029
62 1158
62 1163
62 1178
62 1278
63 1015
63 1109
63 1340
63 1393
63 1440
63 1449
64 361
64 1107
64 1170
64 1265
64 1290
64 1306
65 449
65 457
65 972
65 1149
65 1213
65 1239
66 893
66 1072
66 1224
66 1245
66 1291
66 1305
67 610
67 705
67 1135
67 1158
67 1163
67 1278
68 396
68 679
68 961
68 1251
68 1280
68 1337
69 1341
69 1356
69 1394
69 1398
69 1411
69 1421
70 550
70 559
70 1004
70 1026
70 1041
70 1141
71 193
71 709
71 746
71 938
71 944
71 1080
72 372
72 545
72 861
72 1094
72 1252
72 1254
73 230
73 544
73 562
73 906
73 950
73 1147
74 496
74 628
74 847
74 879
74 1019
74 1020
75 368
75 649
75 1082
75 1127
75 1142
76 377
76 858
76 1116
76 1235
76 1279
76 1309
77 713
77 833
77 1046
77 1304
77 1339
77 1365
78 452
78 508
78 540
78 650
78 763
78 777
79 714
79 1065
79 1067
79 1139
79 1195
79 1208
80 1430
80 1437
80 1446
80 1451
80 1463
80 1465
81 728
81 918
81 1148
81 1173
81 1185
81 1204
82 1317
82 1322
82 1323
82 1388
82 1404
82 1410
83 533
83 1186
83 1286
83 1288
83 1344
83 1387
84 1157
84 1232
84 1270
84 1324
84 1330
84 1350
85 1126
85 1177
85 1196
85 1324
85 1330
85 1350
86 807
86 1096
86 1106
86 1175
86 1262
86 1263
87 464
87 470
87 642
87 653
87 767
88 294
88 772
88 845
88 860
88 867
88 882
89 594
89 918
89 1148
89 1173
89 1185
89 1204
90 447
90 715
90 765
90 804
90 931
90 935
91 192
91 758
91 769
91 987
91 1060
91 1194
92 135
92 398
92 557
92 570
92 793
92 1165
93 219
93 502
93 634
93 701
93 926
93 1028
94 975
94 1136
94 1153
94 1187
94 1250
94 1267
95 1083
95 1186
95 1286
95 1288
95 1344
95 1387
96 1096
96 1106
96 1172
96 1175
96 1262
96 1263
97 511
97 549
97 576
97 719
97 851
97 1097
98 304
98 496
98 879
98 1019
98 1020
99 762
99 840
99 928
99 932
99 950
99 1147
100 433
100 805
100 910
100 952
100 1052
100 1112
101 507
101 565
101 618
101 638
101 826
101 927
102 819
102 1002
102 1134
102 1212
102 1222
102 1246
103 139
103 1107
103 1170
103 1265
103 1290
103 1306
104 1157
104 1177
104 1270
104 1324
104 1330
104 1350
105 955
105 981
105 1136
105 1159
105 1250
105 1267
106 575
106 893
106 1224
106 1245
106 1291
106 1305
107 272
107 747
107 936
107 960
107 1114
107 1154
108 202
108 355
108 438
108 680
108 1033
109 177
109 528
109 738
109 943
109 956
109 1118
110 554
110 1046
110 1205
110 1304
110 1339
110 1365
111 491
111 568
111 809
111 1037
111 1050
111 1192
112 797
112 969
112 1207
112 1271
112 1425
113 487
113 983
113 1045
113 1256
113 1377
114 355
114 419
114 438
114 680
114 1033
115 277
115 441
115 1209
115 1230
115 1328
115 1345
116 1030
116 1085
116 1224
116 1245
116 1291
116 1305
117 506
117 734
117 742
117 888
117 907
117 1032
118 991
118 1282
118 1308
118 1359
118 1372
118 1414
119 1474
119 1476
119 1480
119 1481
119 1498
119 1499
120 172
120 475
120 539
120 1108
121 1229
121 1334
121 1378
121 1391
121 1408
121 1419
122 684
122 736
122 842
122 997
122 1068
122 1189
123 784
123 997
123 1013
123 1068
123 1132
123 1189
124 334
124 601
124 817
124 919
124 1040
124 1143
125 313
125 353
125 417
125 421
125 517
125 808
126 573
126 577
126 1059
126 1098
126 1197
126 1268
127 479
127 1009
127 1070
127 1206
127 1214
127 1228
128 564
128 1282
128 1316
128 1359
128 1372
128 1414
129 498
129 577
129 1059
129 1098
129 1197
129 1268
130 289
130 595
130 771
130 835
130 873
130 971
131 336
131 810
131 901
131 1145
131 1193
131 1319
132 1295
132 1366
132 1394
132 1398
132 1411
132 1421
133 930
133 1171
133 1340
133 1393
133 1440
133 1449
134 406
134 480
134 765
134 804
134 931
134 935
135 413
135 962
135 1124
135 1129
135 1165
136 688
136 731
136 841
136 896
136 974
136 1138
137 1220
137 1277
137 1317
137 1388
137 1404
137 1410
138 288
138 548
138 674
138 905
138 944
138 1080
139 886
139 1170
139 1265
139 1290
139 1306
140 1121
140 1203
140 1223
140 1333
140 1352
140 1357
141 886
141 1107
141 1170
141 1265
141 1290
141 1306
142 232
142 323
142 582
142 871
142 970
142 1242
143 645
143 737
143 756
143 786
143 912
143 925
144 477
144 506
144 608
144 734
144 742
144 888
145 519
145 713
145 833
145 1304
145 1339
145 1365
146 1442
146 1443
146 1455
146 1461
146 1464
146 1467
147 748
147 1153
147 1159
147 1187
147 1250
147 1267
148 295
148 346
148 604
148 1231
148 1234
148 1301
149 378
149 464
149 470
149 538
149 609
149 642
150 1087
150 1113
150 1216
150 1346
150 1353
150 1379
151 448
151 508
151 540
151 631
151 763
151 777
152 519
152 561
152 833
152 1304
152 1339
152 1365
153 947
153 1150
153 1276
153 1401
153 1403
153 1409
154 670
154 672
154 796
154 841
154 974
154 1138
155 870
155 898
155 1093
155 1243
155 1257
155 1261
156 990
156 1115
156 1289
156 1313
156 1361
156 1368
157 1115
157 1272
157 1289
157 1313
157 1361
157 1368
158 979
158 980
158 1148
158 1173
158 1185
158 1204
159 197
159 432
159 699
159 1098
159 1197
159 1268
160 256
160 405
160 463
160 727
160 856
160 895
161 1292
161 1347
161 1381
161 1406
161 1424
161 1438
162 180
162 501
162 516
162 725
162 862
162 964
163 857
163 977
163 1010
163 1042
163 1300
163 1370
164 396
164 735
164 1102
164 1120
164 1251
164 1337
165 1474
165 1476
165 1480
165 1481
165 1497
165 1500
166 558
166 908
166 1003
166 1155
166 1218
166 1241
167 979
167 980
167 1148
167 1173
167 1185
167 1204
168 1096
168 1172
168 1262
168 1263
169 486
169 806
169 1031
169 1063
169 1114
169 1154
170 270
170 1101
170 1105
170 1231
170 1234
170 1301
171 509
171 852
171 855
171 965
171 992
172 302
172 539
172 616
172 1108
173 1422
173 1450
173 1453
173 1454
173 1460
173 1470
174 684
174 842
174 1013
174 1068
174 1132
174 1189
175 590
175 704
175 738
175 943
175 956
175 1118
176 380
176 454
176 576
176 851
176 1043
176 1097
177 325
177 704
177 943
177 956
177 1118
178 1284
178 1355
178 1381
178 1406
178 1424
178 1438
179 1480
179 1494
179 1497
179 1498
179 1499
179 1500
180 442
180 652
180 725
180 862
180 964
181 1014
181 1109
181 1171
181 1393
181 1440
181 1449
182 831
182 1011
182 1057
182 1209
182 1328
182 1345
183 655
183 703
183 795
183 816
183 846
183 953
184 705
184 881
184 963
184 1029
184 1135
184 1163
185 830
185 1078
185 1249
185 1293
185 1303
185 1310
186 1266
186 1334
186 1343
186 1378
186 1408
186 1419
187 572
187 1171
187 1340
187 1393
187 1440
187 1449
188 244
188 737
188 756
188 786
188 912
188 925
189 766
189 929
189 1004
189 1026
189 1041
189 1141
190 736
190 997
190 1013
190 1068
190 1132
190 1189
191 340
191 381
191 850
191 917
191 951
192 593
192 758
192 1060
192 1079
192 1090
193 709
193 746
193 938
193 944
193 1080
194 252
194 778
194 982
194 1095
194 1125
194 1182
195 1307
195 1360
195 1374
195 1385
195 1390
195 1435
196 343
196 587
196 701
196 750
196 926
196 1028
197 498
197 699
197 1197
197 1268
198 1107
198 1170
198 1265
198 1290
198 1306
199 983
199 1035
199 1219
199 1256
199 1349
199 1377
200 909
200 977
200 1244
200 1300
200 1363
200 1370
201 319
201 458
201 466
201 613
201 764
201 933
202 321
202 419
202 426
202 438
202 1033
203 1375
203 1392
203 1397
203 1402
203 1427
203 1433
204 724
204 755
204 876
204 948
204 1077
204 1152
205 1150
205 1160
205 1276
205 1401
205 1403
205 1409
206 1240
206 1351
206 1362
206 1420
206 1426
206 1431
207 1051
207 1221
207 1315
207 1325
207 1369
207 1399
208 593
208 1079
208 1090
208 1194
209 427
209 581
209 761
209 884
209 1128
210 521
210 807
210 1172
210 1175
210 1262
210 1263
211 546
211 608
211 742
211 888
211 1032
212 360
212 998
212 1083
212 1186
212 1344
212 1387
213 924
213 1140
213 1281
213 1283
213 1326
213 1329
214 559
214 669
214 929
214 1004
214 1041
214 1141
215 256
215 405
215 463
215 856
215 895
216 710
216 753
216 780
216 996
216 1074
216 1144
217 340
217 345
217 794
217 850
217 917
217 951
218 498
218 577
218 1059
218 1098
218 1197
218 1268
219 634
219 926
219 1028
220 1442
220 1443
220 1455
220 1461
220 1464
220 1467
221 354
221 465
221 509
221 852
221 965
221 992
222 286
222 744
222 1258
222 1335
222 1415
222 1436
223 676
223 1002
223 1110
223 1212
223 1222
223 1246
224 373
224 504
224 722
224 970
224 976
224 1242
225 227
225 619
225 1088
225 1226
225 1338
225 1395
226 372
226 954
226 1094
226 1190
226 1252
226 1254
227 1088
227 1181
227 1226
227 1311
227 1395
228 610
228 825
228 963
228 1135
228 1178
228 1278
229 302
229 393
229 471
229 539
229 616
229 1108
230 906
230 928
230 932
230 1147
231 1255
231 1314
231 1362
231 1420
231 1426
231 1431
232 373
232 871
232 970
232 1242
233 696
233 994
233 1008
233 1105
233 1231
233 1234
234 267
234 778
234 1084
234 1095
234 1125
234 1182
235 1048
235 1191
235 1221
235 1367
235 1369
235 1399
236 1211
236 1223
236 1247
236 1333
236 1352
236 1357
237 314
237 353
237 421
237 517
237 808
238 1121
238 1223
238 1247
238 1333
238 1352
238 1357
239 633
239 1014
239 1340
239 1393
239 1440
239 1449
240 429
240 441
240 1056
240 1230
240 1328
240 1345
241 770
241 809
241 939
241 1050
241 1192
241 1215
242 317
242 759
242 818
242 1082
242 1127
242 1142
243 1422
243 1450
243 1453
243 1454
243 1460
243 1470
244 672
244 731
244 841
244 896
244 1138
245 697
245 982
245 1084
245 1095
245 1125
245 1182
246 310
246 331
246 442
246 501
246 862
246 964
247 378
247 464
247 538
247 609
247 767
248 881
248 963
248 1029
248 1158
248 1178
248 1278
249 456
249 493
249 1200
249 1226
249 1338
249 1395
250 670
250 731
250 796
250 841
250 974
250 1138
251 1130
251 1260
251 1315
251 1325
251 1367
251 1399
252 982
252 1084
252 1095
252 1125
252 1182
253 1168
253 1298
253 1374
253 1385
253 1390
253 1435
254 998
254 1018
254 1286
254 1288
254 1344
254 1387
255 379
255 675
255 934
255 937
255 973
255 1027
256 445
256 727
256 856
256 895
257 1126
257 1232
257 1270
257 1324
257 1330
257 1350
258 380
258 454
258 511
258 719
258 1043
258 1097
259 266
259 376
259 466
259 745
259 764
259 933
260 735
260 961
260 1102
260 1251
260 1280
260 1337
261 282
261 612
261 993
261 1155
261 1218
261 1241
262 947
262 1103
262 1150
262 1401
262 1403
262 1409
263 491
263 770
263 1037
263 1050
263 1192
263 1215
264 897
264 1211
264 1247
264 1333
264 1352
264 1357
265 472
265 651
265 717
265 761
265 859
265 1128
266 458
266 613
266 745
266 764
266 933
267 697
267 982
267 1084
267 1125
267 1182
268 1341
268 1356
268 1364
268 1398
268 1411
268 1421
269 1284
269 1347
269 1381
269 1406
269 1424
269 1438
270 994
270 1008
270 1101
270 1234
270 1301
271 803
271 1203
271 1247
271 1333
271 1352
271 1357
272 606
272 936
272 1063
272 1114
272 1154
273 861
273 892
273 1094
273 1190
273 1252
273 1254
274 316
274 601
274 817
274 919
274 1040
274 1143
275 1210
275 1307
275 1360
275 1385
275 1390
275 1435
276 958
276 1078
276 1249
276 1293
276 1303
276 1310
277 1011
277 1209
277 1230
277 1328
277 1345
278 327
278 496
278 628
278 847
278 1019
279 328
279 792
279 1104
279 1312
279 1382
279 1412
280 1123
280 1220
280 1323
280 1388
280 1404
280 1410
281 875
281 1085
281 1245
281 1291
281 1305
282 1184
282 1282
282 1308
282 1316
282 1414
283 289
283 318
283 461
283 760
283 835
283 873
284 589
284 993
284 1003
284 1155
284 1218
284 1241
285 373
285 582
285 722
285 946
285 976
285 1242
286 744
286 880
286 1335
286 1415
286 1436
287 766
287 929
287 1004
287 1026
287 1041
287 1141
288 674
288 709
288 905
288 938
288 1080
289 595
289 711
289 835
289 971
290 596
290 793
290 962
290 1124
290 1129
290 1165
291 1002
291 1110
291 1134
291 1212
291 1222
291 1246
292 834
292 998
292 1286
292 1288
292 1344
292 1387
293 445
293 463
293 727
293 856
293 895
294 691
294 845
294 860
294 867
294 882
295 696
295 1036
295 1101
295 1105
295 1301
296 968
296 1282
296 1316
296 1359
296 1372
296 1414
297 543
297 899
297 1047
297 1161
297 1169
297 1176
298 975
298 1153
298 1159
298 1187
298 1250
298 1267
299 1336
299 1444
299 1457
299 1459
299 1466
299 1468
300 495
300 1015
300 1340
300 1393
300 1440
300 1449
301 1023
301 1058
301 1249
301 1293
301 1303
301 1310
302 393
302 539
302 616
302 1108
303 591
303 626
303 854
303 866
303 1007
303 1039
304 327
304 662
304 847
304 1019
304 1020
305 499
305 675
305 902
305 934
305 973
305 1027
306 334
306 462
306 868
306 919
306 1040
306 1143
307 608
307 734
307 888
307 907
307 1032
308 359
308 428
308 1091
308 1202
308 1207
308 1425
309 697
309 982
309 1084
309 1095
309 1125
309 1182
310 501
310 652
310 725
310 862
310 964
311 1386
311 1392
311 1397
311 1402
311 1427
311 1433
312 1269
312 1450
312 1453
312 1454
312 1460
312 1470
313 394
313 417
313 421
313 808
314 394
314 421
314 517
314 808
315 1066
315 1164
315 1227
315 1335
315 1415
315 1436
316 601
316 817
316 868
316 1040
316 1143
317 391
317 649
317 1082
317 1127
317 1142
318 760
318 771
318 838
318 873
318 971
319 376
319 613
319 745
319 764
319 933
320 645
320 660
320 737
320 756
320 786
320 912
320 925
321 355
321 419
321 426
321 680
321 1033
322 567
322 880
322 1066
322 1335
322 1415
322 1436
323 373
323 504
323 946
323 970
323 976
323 1242
324 640
324 819
324 1110
324 1134
324 1212
324 1222
324 1246
325 528
325 590
325 738
325 943
325 956
325 1118
326 490
326 986
326 1071
326 1093
326 1243
326 1257
326 1261
327 520
327 662
327 847
327 879
327 1019
328 525
328 732
328 1312
328 1318
328 1382
328 1412
329 654
329 889
329 899
329 913
329 1161
329 1169
329 1176
330 730
330 1005
330 1201
330 1272
330 1289
330 1361
330 1368
331 442
331 501
331 516
331 652
331 862
331 964
332 844
332 1314
332 1351
332 1362
332 1420
332 1426
332 1431
333 702
333 721
333 995
333 1065
333 1067
333 1195
333 1208
334 462
334 868
334 919
334 1040
334 1143
335 814
335 1023
335 1078
335 1249
335 1293
335 1303
335 1310
336 584
336 739
336 1034
336 1054
336 1145
336 1319
337 418
337 724
337 966
337 1077
337 1100
337 1152
338 604
338 696
338 1036
338 1101
338 1231
338 1234
338 1301
339 341
339 410
339 591
339 692
339 785
339 1007
339 1039
340 345
340 794
340 850
340 917
340 951
341 626
341 785
341 854
341 866
341 1007
341 1039
342 354
342 465
342 852
342 855
342 965
342 992
343 502
343 587
343 701
343 750
343 926
343 1028
344 681
344 1069
344 1104
344 1312
344 1318
344 1382
344 1412
345 530
345 794
345 850
345 917
345 951
346 994
346 1008
346 1105
346 1231
346 1234
346 1301
347 807
347 1096
347 1106
347 1172
347 1175
347 1262
347 1263
348 479
348 839
348 1009
348 1070
348 1206
348 1214
348 1228
349 397
349 752
349 987
349 1060
349 1079
349 1090
349 1194
350 703
350 775
350 795
350 802
350 816
350 846
350 953
351 869
351 1216
351 1225
351 1275
351 1327
351 1346
351 1379
352 1123
352 1317
352 1322
352 1323
352 1388
352 1404
352 1410
353 394
353 417
353 421
353 517
353 808
354 465
354 852
354 855
354 965
354 992
355 419
355 451
355 680
355 1033
356 1442
356 1443
356 1455
356 1456
356 1461
356 1464
356 1467
357 1220
357 1277
357 1317
357 1323
357 1388
357 1404
357 1410
358 610
358 1029
358 1135
358 1158
358 1163
358 1178
358 1278
359 1202
359 1207
359 1271
359 1302
359 1425
360 1083
360 1186
360 1286
360 1288
360 1344
360 1387
361 607
361 886
361 1170
361 1265
361 1290
361 1306
362 401
362 507
362 638
362 671
362 822
362 927
362 949
363 619
363 682
363 1200
363 1226
363 1311
363 1338
363 1395
364 488
364 741
364 782
364 988
364 1119
364 1259
365 1336
365 1428
365 1444
365 1457
365 1459
365 1466
365 1468
366 1137
366 1198
366 1240
366 1362
366 1420
366 1426
366 1431
367 672
367 688
367 731
367 896
367 974
367 1138
368 400
368 759
368 818
368 1082
368 1127
368 1142
369 545
369 790
369 1094
369 1190
369 1252
369 1254
370 402
370 798
370 827
370 941
370 1006
370 1024
370 1076
371 1375
371 1376
371 1386
371 1397
371 1402
371 1427
371 1433
372 892
372 1094
372 1190
372 1252
372 1254
373 946
373 976
373 1242
374 958
374 1058
374 1078
374 1249
374 1293
374 1303
374 1310
375 1210
375 1298
375 1360
375 1374
375 1385
375 1390
375 1435
376 458
376 613
376 745
376 933
377 1162
377 1183
377 1235
377 1279
377 1309
378 470
378 538
378 609
378 642
378 767
379 484
379 902
379 934
379 937
379 973
379 1027
380 576
380 851
380 1043
380 1097
381 457
381 530
381 794
381 850
381 917
381 951
382 1389
382 1423
382 1448
382 1452
382 1462
382 1469
382 1471
383 580
383 716
383 839
383 1070
383 1206
383 1214
383 1228
384 416
384 469
384 605
384 805
384 952
384 1052
384 1112
385 555
385 961
385 985
385 1102
385 1251
385 1280
385 1337
386 459
386 583
386 1045
386 1064
386 1219
386 1349
386 1377
387 1442
387 1443
387 1455
387 1456
387 1461
387 1464
387 1467
388 1253
388 1334
388 1343
388 1378
388 1391
388 1408
388 1419
389 1229
389 1266
389 1334
389 1343
389 1391
389 1408
389 1419
390 1253
390 1334
390 1343
390 1378
390 1391
390 1408
390 1419
391 400
391 759
391 818
391 1082
391 1127
391 1142
392 741
392 800
392 815
392 988
392 1099
392 1119
392 1259
393 471
393 616
393 1108
394 417
394 421
394 808
395 1177
395 1196
395 1232
395 1270
395 1324
395 1330
395 1350
396 425
396 679
396 1102
396 1120
396 1280
397 758
397 769
397 987
397 1060
397 1090
397 1194
398 500
398 793
398 962
398 1124
398 1129
398 1165
399 1348
399 1422
399 1450
399 1453
399 1454
399 1460
399 1470
400 759
400 818
400 1082
400 1127
400 1142
401 565
401 671
401 822
401 826
401 927
401 949
402 437
402 798
402 941
402 1006
402 1024
402 1076
403 544
403 762
403 840
403 906
403 928
403 932
403 1147
404 1203
404 1211
404 1223
404 1247
404 1333
404 1352
404 1357
405 445
405 463
405 727
405 856
405 895
406 447
406 715
406 765
406 804
406 931
406 935
407 504
407 582
407 722
407 871
407 970
407 976
407 1242
408 1284
408 1292
408 1347
408 1355
408 1406
408 1424
408 1438
409 604
409 1008
409 1036
409 1101
409 1231
409 1234
409 1301
410 591
410 692
410 854
410 866
410 1007
410 1039
411 597
411 695
411 772
411 845
411 860
411 867
411 882
412 528
412 704
412 738
412 943
412 956
412 1118
413 570
413 793
413 962
413 1124
413 1129
413 1165
414 510
414 832
414 878
414 972
414 1000
414 1213
414 1239
415 706
415 754
415 779
415 864
415 1044
415 1236
416 433
416 632
416 805
416 952
416 1073
416 1112
417 517
417 808
418 755
418 966
418 1077
418 1100
418 1152
419 426
419 451
419 1033
420 874
420 969
420 1091
420 1207
420 1271
420 1302
420 1425
421 517
422 522
422 588
422 629
422 636
422 687
422 1081
422 1146
423 825
423 881
423 963
423 1158
423 1163
423 1178
423 1278
424 1292
424 1347
424 1355
424 1381
424 1406
424 1424
424 1438
425 555
425 985
425 1120
425 1251
425 1280
425 1337
426 438
426 451
426 680
426 1033
427 472
427 581
427 622
427 859
427 884
427 1128
428 627
428 969
428 1207
428 1271
428 1302
428 1425
429 791
429 1011
429 1209
429 1230
429 1328
429 1345
430 791
430 831
430 1056
430 1209
430 1230
430 1328
430 1345
431 1157
431 1196
431 1232
431 1270
431 1324
431 1330
431 1350
432 573
432 699
432 1059
432 1098
432 1197
432 1268
433 569
433 602
433 632
433 1073
433 1112
434 584
434 901
434 1034
434 1054
434 1145
434 1193
434 1319
435 863
435 1168
435 1307
435 1360
435 1374
435 1390
435 1435
436 869
436 1087
436 1275
436 1327
436 1346
436 1353
436 1379
437 474
437 574
437 656
437 1006
437 1024
437 1076
438 451
438 1033
439 1416
439 1430
439 1437
439 1446
439 1451
439 1463
439 1465
440 481
440 519
440 624
440 1205
440 1304
440 1339
440 1365
441 1057
441 1209
441 1230
441 1328
441 1345
442 516
442 652
442 725
442 964
443 1179
443 1199
443 1281
443 1283
443 1294
443 1326
443 1329
444 1277
444 1317
444 1322
444 1323
444 1388
444 1404
444 1410
445 727
445 856
445 895
446 998
446 1018
446 1186
446 1286
446 1288
446 1344
446 1387
447 715
447 765
447 804
447 931
447 935
448 508
448 514
448 540
448 650
448 763
448 777
449 832
449 878
449 972
449 1149
449 1213
449 1239
450 677
450 870
450 986
450 1071
450 1243
450 1257
450 1261
451 680
451 1033
452 514
452 540
452 631
452 650
452 763
452 777
453 543
453 654
453 889
453 1047
453 1161
453 1169
453 1176
454 549
454 719
454 851
454 1043
454 1097
455 523
455 558
455 908
455 993
455 1155
455 1218
455 1241
456 959
456 1200
456 1226
456 1311
456 1338
456 1395
457 972
457 1000
457 1149
457 1213
457 1239
458 466
458 745
458 764
458 933
459 751
459 1064
459 1219
459 1256
459 1349
459 1377
460 630
460 739
460 828
460 901
460 1193
460 1319
461 595
461 711
461 771
461 838
461 873
461 971
462 817
462 868
462 1040
462 1143
463 727
463 856
463 895
464 470
464 609
464 653
464 767
465 852
465 855
465 965
465 992
466 613
466 745
466 764
466 933
467 603
467 621
467 853
467 864
467 1044
467 1061
467 1236
468 645
468 660
468 737
468 756
468 786
468 912
468 925
469 602
469 605
469 910
469 1052
469 1073
469 1112
470 538
470 642
470 653
471 475
471 616
471 1108
472 581
472 717
472 859
472 884
472 1128
473 580
473 599
473 716
473 945
473 1206
473 1214
473 1228
474 574
474 585
474 827
474 1006
474 1024
474 1076
475 539
475 1108
476 753
476 780
476 957
476 996
476 1074
476 1144
477 546
477 734
477 742
477 907
477 1032
478 493
478 682
478 959
478 1226
478 1311
478 1338
478 1395
479 716
479 945
479 1206
479 1214
479 1228
480 715
480 765
480 804
480 931
480 935
481 554
481 1046
481 1205
481 1304
481 1339
481 1365
482 563
482 566
482 753
482 957
482 1074
482 1144
483 791
483 1011
483 1056
483 1057
483 1230
483 1328
483 1345
484 675
484 902
484 934
484 937
484 973
484 1027
485 904
485 1133
485 1314
485 1351
485 1420
485 1426
485 1431
486 639
486 936
486 960
486 1031
486 1063
486 1154
487 677
487 1035
487 1219
487 1256
487 1349
487 1377
488 782
488 815
488 988
488 1099
488 1259
489 1356
489 1364
489 1366
489 1394
489 1398
489 1411
489 1421
490 677
490 1071
490 1093
490 1243
490 1257
490 1261
491 646
491 809
491 939
491 1192
491 1215
492 1123
492 1277
492 1322
492 1323
492 1388
492 1404
492 1410
493 619
493 1088
493 1181
493 1200
493 1395
494 548
494 709
494 746
494 905
494 938
494 944
494 1080
495 1014
495 1109
495 1340
495 1393
495 1440
495 1449
496 628
496 879
496 1019
496 1020
497 876
497 948
497 966
497 1077
497 1100
497 1152
498 1059
498 1197
498 1268
499 518
499 902
499 934
499 937
499 973
499 1027
500 557
500 596
500 962
500 1124
500 1129
500 1165
501 725
501 862
501 964
502 587
502 634
502 750
502 1028
503 792
503 1180
503 1312
503 1318
503 1382
503 1412
504 722
504 871
504 946
504 1242
505 958
505 1023
505 1058
505 1249
505 1293
505 1303
505 1310
506 546
506 734
506 888
506 907
506 1032
507 565
507 618
507 638
507 826
507 927
508 514
508 540
508 631
508 777
509 852
509 855
509 965
509 992
510 541
510 832
510 940
510 1149
510 1213
510 1239
511 576
511 851
511 1043
511 1097
512 640
512 1002
512 1110
512 1134
512 1222
512 1246
513 1416
513 1430
513 1437
513 1446
513 1451
513 1463
513 1465
514 631
514 650
514 763
514 777
515 1292
515 1347
515 1355
515 1381
515 1406
515 1424
515 1438
516 652
516 725
516 862
516 964
517 808
518 675
518 902
518 934
518 937
518 973
518 1027
519 1205
519 1304
519 1339
519 1365
520 628
520 662
520 847
520 879
520 1019
520 1020
521 1096
521 1106
521 1172
521 1175
521 1262
521 1263
522 588
522 592
522 629
522 801
522 1081
522 1146
523 589
523 908
523 1003
523 1155
523 1218
523 1241
524 1229
524 1253
524 1343
524 1378
524 1391
524 1408
524 1419
525 718
525 732
525 1104
525 1312
525 1382
525 1412
526 869
526 1055
526 1275
526 1327
526 1346
526 1353
526 1379
527 790
527 892
527 954
527 1094
527 1190
527 1252
527 1254
528 738
528 956
528 1118
529 729
529 942
529 1201
529 1272
529 1313
529 1361
529 1368
530 794
530 850
530 917
530 951
531 622
531 651
531 717
531 761
531 859
531 884
531 1128
532 556
532 1103
532 1156
532 1299
532 1401
532 1403
532 1409
533 1018
533 1083
533 1186
533 1286
533 1344
533 1387
534 607
534 666
534 1107
534 1170
534 1265
534 1290
534 1306
535 598
535 1088
535 1181
535 1200
535 1311
535 1338
535 1395
536 1111
536 1179
536 1199
536 1281
536 1294
536 1326
536 1329
537 592
537 687
537 689
537 801
537 916
537 1081
537 1146
538 609
538 642
538 653
538 767
539 616
539 1108
540 631
540 650
540 763
541 878
541 940
541 972
541 1000
541 1149
541 1213
541 1239
542 975
542 981
542 1136
542 1153
542 1159
542 1187
542 1250
542 1267
543 551
543 913
543 1047
543 1161
543 1169
543 1176
544 562
544 840
544 906
544 928
544 950
544 1147
545 861
545 892
545 954
545 1190
545 1252
545 1254
546 734
546 742
546 907
546 1032
547 681
547 781
547 1069
547 1104
547 1180
547 1318
547 1382
547 1412
548 674
548 709
548 905
548 938
548 944
548 1080
549 576
549 719
549 851
549 1043
549 1097
550 669
550 766
550 929
550 1004
550 1026
550 1041
550 1141
551 654
551 665
551 913
551 1047
551 1161
551 1169
551 1176
552 1066
552 1164
552 1227
552 1258
552 1335
552 1415
552 1436
553 1341
553 1356
553 1364
553 1366
553 1394
553 1398
553 1411
553 1421
554 624
554 713
554 1046
554 1205
554 1339
554 1365
555 985
555 1102
555 1120
555 1251
555 1280
555 1337
556 1103
556 1156
556 1160
556 1299
556 1401
556 1403
556 1409
557 570
557 596
557 962
557 1124
557 1129
557 1165
558 571
558 993
558 1003
558 1155
558 1218
558 1241
559 766
559 929
559 1004
559 1026
559 1041
559 1141
560 1396
560 1442
560 1443
560 1455
560 1456
560 1461
560 1464
560 1467
561 624
561 713
561 1046
561 1205
561 1304
561 1339
561 1365
562 762
562 840
562 928
562 932
562 950
562 1147
563 566
563 710
563 780
563 957
563 996
563 1074
563 1144
564 968
564 1184
564 1308
564 1316
564 1359
564 1372
564 1414
565 618
565 822
565 826
565 927
565 949
566 710
566 753
566 957
566 996
566 1074
566 1144
567 744
567 880
567 1066
567 1227
567 1258
567 1415
567 1436
568 646
568 770
568 809
568 1037
568 1050
568 1192
568 1215
569 602
569 605
569 910
569 952
569 1052
569 1073
569 1112
570 596
570 793
570 1124
570 1129
570 1165
571 589
571 612
571 908
571 1003
571 1155
571 1218
571 1241
572 633
572 1015
572 1109
572 1171
572 1393
572 1440
572 1449
573 577
573 699
573 1059
573 1098
573 1197
573 1268
574 656
574 798
574 941
574 1006
574 1024
574 1076
575 875
575 1030
575 1072
575 1224
575 1245
575 1291
575 1305
576 719
576 1043
576 1097
577 699
577 1059
577 1098
577 1268
578 1229
578 1266
578 1334
578 1343
578 1378
578 1391
578 1408
578 1419
579 615
579 874
579 890
579 969
579 1202
579 1271
579 1302
579 1425
580 839
580 945
580 1009
580 1070
580 1214
580 1228
581 622
581 761
581 859
581 884
581 1128
582 871
582 946
582 970
582 976
582 1242
583 743
583 1045
583 1064
583 1219
583 1256
583 1349
583 1377
584 630
584 739
584 828
584 1034
584 1193
584 1319
585 656
585 798
585 827
585 941
585 1006
585 1024
585 1076
586 673
586 858
586 1151
586 1162
586 1183
586 1235
586 1279
586 1309
587 634
587 701
587 750
587 926
587 1028
588 636
588 687
588 801
588 916
588 1081
588 1146
589 612
589 993
589 1003
589 1218
589 1241
590 704
590 738
590 943
590 956
590 1118
591 785
591 854
591 866
591 1007
591 1039
592 636
592 689
592 801
592 916
592 1081
592 1146
593 758
593 987
593 1060
593 1079
593 1090
593 1194
594 728
594 979
594 980
594 1148
594 1173
594 1185
594 1204
595 711
595 760
595 835
595 838
595 971
596 962
596 1124
596 1129
596 1165
597 691
597 695
597 772
597 845
597 860
597 867
597 882
598 682
598 1088
598 1181
598 1200
598 1311
598 1338
598 1395
599 839
599 945
599 1009
599 1070
599 1206
599 1214
599 1228
600 1121
600 1203
600 1211
600 1223
600 1247
600 1333
600 1352
600 1357
601 817
601 868
601 919
601 1040
601 1143
602 605
602 632
602 1052
602 1073
602 1112
603 635
603 706
603 754
603 757
603 853
603 864
603 1236
604 994
604 1036
604 1101
604 1234
604 1301
605 910
605 1052
605 1073
605 1112
606 747
606 806
606 960
606 1031
606 1063
606 1114
606 1154
607 886
607 1107
607 1170
607 1265
607 1290
607 1306
608 888
608 907
608 1032
609 653
609 767
610 881
610 963
610 1029
610 1178
610 1278
611 1375
611 1376
611 1386
611 1392
611 1397
611 1402
611 1427
611 1433
612 908
612 993
612 1155
612 1218
612 1241
613 745
613 764
613 933
614 834
614 998
614 1083
614 1186
614 1286
614 1288
614 1344
614 1387
615 797
615 874
615 1091
615 1202
615 1207
615 1302
615 1425
616 1108
617 768
617 787
617 789
617 857
617 977
617 1010
617 1021
617 1244
618 638
618 671
618 822
618 927
618 949
619 959
619 1181
619 1226
619 1311
619 1338
620 1269
620 1348
620 1422
620 1450
620 1453
620 1454
620 1460
620 1470
621 757
621 779
621 853
621 864
621 1061
621 1236
622 651
622 717
622 761
622 884
622 1128
623 799
623 924
623 1179
623 1281
623 1283
623 1294
623 1326
623 1329
624 1046
624 1205
624 1304
624 1339
624 1365
625 702
625 714
625 995
625 1065
625 1067
625 1139
625 1195
625 1208
626 692
626 785
626 854
626 866
626 1007
626 1039
627 890
627 1091
627 1202
627 1271
627 1302
627 1425
628 662
628 847
628 1020
629 636
629 687
629 689
629 916
629 1081
629 1146
630 739
630 901
630 1034
630 1054
630 1193
630 1319
631 650
631 763
631 777
632 805
632 910
632 952
632 1052
632 1073
633 686
633 1014
633 1015
633 1340
633 1440
633 1449
634 701
634 750
634 926
634 1028
635 706
635 779
635 853
635 1044
635 1061
635 1236
636 801
636 916
636 1081
636 1146
637 923
637 991
637 1184
637 1308
637 1316
637 1359
637 1372
637 1414
638 671
638 822
638 826
638 949
639 747
639 936
639 960
639 1031
639 1063
639 1114
639 1154
640 819
640 1002
640 1110
640 1134
640 1212
640 1246
641 707
641 800
641 815
641 837
641 988
641 1099
641 1119
641 1259
642 653
642 767
643 1220
643 1277
643 1317
643 1322
643 1323
643 1388
643 1404
643 1410
644 1298
644 1307
644 1360
644 1374
644 1385
644 1390
644 1435
645 660
645 737
645 756
645 912
645 925
646 809
646 939
646 1037
646 1050
646 1192
646 1215
647 1030
647 1072
647 1085
647 1224
647 1245
647 1291
647 1305
648 1188
648 1348
648 1422
648 1450
648 1453
648 1454
648 1460
648 1470
649 759
649 818
649 1082
649 1127
649 1142
650 763
650 777
651 717
651 761
651 859
651 884
651 1128
652 725
652 862
652 964
653 767
654 889
654 899
654 1161
654 1169
654 1176
655 703
655 775
655 795
655 802
655 846
655 953
656 827
656 941
656 1006
656 1024
656 1076
657 1111
657 1140
657 1179
657 1199
657 1283
657 1294
657 1326
657 1329
658 1157
658 1177
658 1196
658 1232
658 1270
658 1324
658 1330
658 1350
659 1210
659 1298
659 1307
659 1360
659 1374
659 1385
659 1390
659 1435
660 737
660 756
660 786
660 912
660 925
661 799
661 1140
661 1199
661 1281
661 1283
661 1294
661 1326
661 1329
662 847
662 879
662 1019
662 1020
663 726
663 858
663 1151
663 1162
663 1183
663 1235
663 1279
663 1309
664 1274
664 1413
664 1434
664 1448
664 1452
664 1462
664 1469
664 1471
665 889
665 899
665 913
665 1047
665 1161
665 1169
665 1176
666 886
666 1107
666 1170
666 1265
666 1290
666 1306
667 1017
667 1048
667 1130
667 1191
667 1221
667 1325
667 1369
667 1399
668 1474
668 1476
668 1481
668 1494
668 1497
668 1498
668 1499
668 1500
669 766
669 929
669 1004
669 1026
669 1041
669 1141
670 672
670 688
670 896
670 974
670 1138
671 822
671 826
671 927
671 949
672 796
672 896
672 974
672 1138
673 1116
673 1151
673 1162
673 1183
673 1235
673 1279
673 1309
674 746
674 905
674 944
674 1080
675 902
675 937
675 973
675 1027
676 819
676 1110
676 1134
676 1212
676 1222
676 1246
677 1071
677 1093
677 1243
677 1257
677 1261
678 1116
678 1151
678 1162
678 1183
678 1235
678 1279
678 1309
679 985
679 1120
679 1251
679 1280
679 1337
680 1033
681 792
681 1069
681 1180
681 1312
681 1382
681 1412
682 959
682 1181
682 1311
682 1338
682 1395
683 1229
683 1253
683 1266
683 1343
683 1378
683 1391
683 1408
683 1419
684 842
684 997
684 999
684 1013
684 1132
684 1189
685 947
685 1103
685 1156
685 1276
685 1299
685 1401
685 1403
685 1409
686 930
686 1014
686 1171
686 1340
686 1393
686 1440
686 1449
687 689
687 916
687 1081
687 1146
688 796
688 841
688 974
688 1138
689 801
689 916
689 1081
689 1146
690 1295
690 1341
690 1364
690 1366
690 1394
690 1398
690 1411
690 1421
691 695
691 772
691 845
691 860
691 867
691 882
692 785
692 854
692 866
692 1007
692 1039
693 1055
693 1216
693 1225
693 1275
693 1327
693 1346
693 1353
693 1379
694 909
694 977
694 1042
694 1244
694 1300
694 1363
694 1370
695 772
695 845
695 860
695 867
695 882
696 994
696 1008
696 1101
696 1105
696 1231
696 1301
697 778
697 1084
697 1095
697 1125
697 1182
698 1167
698 1269
698 1348
698 1422
698 1450
698 1453
698 1454
698 1460
698 1470
699 1059
699 1098
699 1197
699 1268
700 1168
700 1210
700 1298
700 1307
700 1360
700 1374
700 1385
700 1390
700 1435
701 750
701 926
701 1028
702 714
702 995
702 1065
702 1067
702 1139
702 1195
702 1208
703 775
703 795
703 802
703 816
703 846
703 953
704 738
704 943
704 956
704 1118
705 881
705 1135
705 1158
705 1163
705 1178
705 1278
706 754
706 757
706 853
706 1044
706 1061
706 1236
707 741
707 782
707 800
707 815
707 837
707 1099
707 1119
707 1259
708 990
708 1005
708 1115
708 1201
708 1272
708 1289
708 1313
708 1361
708 1368
709 746
709 905
709 938
709 1080
710 780
710 957
710 996
710 1074
710 1144
711 760
711 771
711 835
711 838
711 873
711 971
712 1336
712 1373
712 1380
712 1428
712 1444
712 1457
712 1459
712 1466
712 1468
713 833
713 1205
713 1304
713 1339
713 1365
714 773
714 824
714 1139
714 1195
714 1208
715 765
715 804
715 931
715 935
716 945
716 1009
716 1070
716 1206
716 1214
716 1228
717 761
717 859
717 884
717 1128
718 781
718 1069
718 1104
718 1180
718 1312
718 1318
718 1382
718 1412
719 851
719 1043
719 1097
720 1342
720 1373
720 1380
720 1428
720 1444
720 1457
720 1459
720 1466
720 1468
721 773
721 824
721 995
721 1065
721 1067
721 1139
721 1195
721 1208
722 871
722 946
722 970
722 976
722 1242
723 1296
723 1375
723 1376
723 1386
723 1392
723 1397
723 1402
723 1427
723 1433
724 755
724 876
724 948
724 1077
724 1100
724 1152
725 862
725 964
726 858
726 1116
726 1151
726 1162
726 1183
726 1235
726 1279
726 1309
727 856
727 895
728 918
728 979
728 980
728 1148
728 1173
728 1185
728 1204
729 730
729 942
729 949
729 1272
729 1289
729 1313
729 1361
729 1368
730 1115
730 1201
730 1272
730 1289
730 1313
730 1361
730 1368
731 796
731 841
731 896
731 974
731 1138
732 781
732 1069
732 1180
732 1312
732 1318
732 1382
732 1412
733 1342
733 1373
733 1380
733 1428
733 1444
733 1457
733 1459
733 1466
733 1468
734 742
734 888
734 1032
735 961
735 985
735 1102
735 1120
735 1251
735 1280
735 1337
736 784
736 997
736 999
736 1013
736 1068
736 1189
737 786
737 912
737 925
738 943
738 1118
739 810
739 828
739 1145
739 1193
739 1319
740 1049
740 1284
740 1292
740 1347
740 1355
740 1381
740 1406
740 1424
740 1438
741 782
741 800
741 837
741 988
741 1099
741 1259
742 888
742 907
742 1032
743 983
743 1035
743 1045
743 1064
743 1219
743 1256
743 1349
743 1377
744 1164
744 1227
744 1258
744 1335
744 1415
744 1436
745 764
745 933
746 905
746 938
746 944
746 1080
747 806
747 960
747 1031
747 1063
747 1114
747 1154
748 955
748 981
748 1136
748 1153
748 1159
748 1187
748 1250
748 1267
749 1295
749 1341
749 1356
749 1364
749 1366
749 1394
749 1398
749 1411
749 1421
750 926
750 1028
751 983
751 1035
751 1045
751 1064
751 1256
751 1349
751 1377
752 758
752 769
752 987
752 1060
752 1079
752 1090
752 1194
753 780
753 957
753 996
753 1074
753 1144
754 757
754 779
754 864
754 1044
754 1061
754 1236
755 876
755 948
755 966
755 1077
755 1100
755 1152
756 786
756 912
756 925
757 779
757 853
757 1044
757 1061
757 1236
758 769
758 1079
758 1090
758 1194
759 1082
759 1127
759 1142
760 771
760 835
760 838
760 873
760 971
761 859
761 1128
762 840
762 906
762 928
762 932
762 950
762 1147
763 777
764 933
765 931
765 935
766 929
766 1004
766 1026
766 1141
768 788
768 857
768 977
768 1010
768 1244
768 1300
768 1363
768 1370
769 987
769 1060
769 1079
769 1090
769 1194
770 939
770 1037
770 1050
770 1192
770 1215
771 838
771 873
771 971
772 845
772 860
772 867
772 882
773 824
773 995
773 1065
773 1067
773 1139
773 1195
773 1208
774 823
774 1117
774 1238
774 1297
774 1371
774 1384
774 1417
774 1418
774 1429
775 795
775 802
775 816
775 846
775 953
776 872
776 1016
776 1150
776 1160
776 1276
776 1299
776 1401
776 1403
776 1409
778 982
778 1084
778 1095
778 1125
778 1182
779 853
779 864
779 1061
779 1236
780 957
780 996
780 1074
780 1144
781 1069
781 1180
781 1318
781 1382
781 1412
782 837
782 988
782 1099
782 1119
782 1259
783 1389
783 1413
783 1423
783 1434
783 1448
783 1452
783 1462
783 1469
783 1471
784 842
784 999
784 1013
784 1068
784 1132
784 1189
785 854
785 866
785 1007
785 1039
786 912
786 925
787 789
787 909
787 1021
787 1042
787 1244
787 1300
787 1363
787 1370
788 789
788 909
788 1010
788 1021
788 1244
788 1300
788 1363
788 1370
789 909
789 1021
789 1042
789 1300
789 1363
789 1370
790 861
790 892
790 954
790 1094
790 1190
790 1252
790 1254
791 831
791 1011
791 1056
791 1057
791 1328
791 1345
792 1104
792 1180
792 1312
792 1318
792 1382
792 1412
793 962
793 1124
793 1129
793 1165
794 850
794 917
794 951
795 802
795 816
795 846
795 953
796 841
796 896
796 1138
797 890
797 969
797 1202
797 1271
797 1302
797 1425
798 827
798 941
798 1006
798 1024
798 1076
799 1111
799 1199
799 1281
799 1283
799 1294
799 1326
799 1329
800 837
800 988
800 1119
800 1259
801 916
801 1081
801 1146
802 816
802 846
802 953
803 897
803 1121
803 1203
803 1211
803 1223
803 1333
803 1352
803 1357
804 931
804 935
805 910
805 952
805 1052
805 1073
805 1112
806 936
806 960
806 1031
806 1063
806 1114
806 1154
807 1096
807 1106
807 1172
807 1175
807 1262
807 1263
809 939
809 1037
809 1192
809 1215
810 828
810 901
810 1034
810 1054
810 1145
810 1193
810 1319
811 1295
811 1341
811 1356
811 1364
811 1366
811 1394
811 1398
811 1411
811 1421
812 849
812 903
812 1025
812 1297
812 1358
812 1371
812 1417
812 1418
812 1429
813 829
813 923
813 968
813 1184
813 1308
813 1316
813 1359
813 1372
813 1414
814 830
814 958
814 1023
814 1058
814 1078
814 1293
814 1303
814 1310
815 837
815 988
815 1099
815 1119
815 1259
816 846
816 953
817 868
817 919
817 1143
818 1082
818 1127
818 1142
819 1002
819 1134
819 1212
819 1222
819 1246
820 1342
820 1373
820 1380
820 1428
820 1444
820 1457
820 1459
820 1466
820 1468
821 1383
821 1416
821 1430
821 1432
821 1437
821 1446
821 1451
821 1463
821 1465
822 826
822 927
822 949
823 1062
823 1217
823 1297
823 1358
823 1371
823 1384
823 1417
823 1418
824 995
824 1065
824 1067
824 1139
824 1195
824 1208
825 963
825 1029
825 1135
825 1158
825 1163
825 1178
825 1278
826 927
826 949
827 941
827 1006
827 1024
827 1076
828 901
828 1054
828 1145
828 1193
828 1319
829 991
829 1184
829 1282
829 1308
829 1316
829 1359
829 1372
829 1414
830 1023
830 1058
830 1078
830 1249
830 1293
830 1303
830 1310
831 1056
831 1057
831 1209
831 1230
831 1328
831 1345
832 940
832 1000
832 1149
832 1213
832 1239
833 1046
833 1205
833 1304
833 1339
833 1365
834 1018
834 1083
834 1186
834 1286
834 1288
834 1344
834 1387
835 838
835 873
835 971
836 1331
836 1413
836 1423
836 1434
836 1448
836 1452
836 1462
836 1469
836 1471
837 1099
837 1119
837 1259
838 873
838 971
839 1009
839 1070
839 1206
839 1214
839 1228
840 906
840 932
840 950
840 1147
841 896
841 1138
842 997
842 999
842 1068
842 1132
842 1189
843 870
843 898
843 986
843 1071
843 1093
843 1243
843 1257
843 1261
844 1137
844 1240
844 1255
844 1351
844 1362
844 1420
844 1426
844 1431
845 860
845 867
845 882
846 953
847 879
847 1020
848 1022
848 1167
848 1188
848 1348
848 1422
848 1450
848 1453
848 1454
848 1460
848 1470
849 1025
849 1217
849 1297
849 1358
849 1371
849 1384
849 1417
849 1418
849 1429
850 917
850 951
851 1043
851 1097
852 855
852 965
852 992
853 1044
853 1061
853 1236
854 866
854 1007
854 1039
855 965
855 992
856 895
857 977
857 1010
857 1021
857 1042
857 1300
857 1363
857 1370
858 1116
858 1151
858 1162
858 1235
858 1279
858 1309
859 884
859 1128
860 867
860 882
861 892
861 954
861 1094
861 1190
861 1252
861 1254
862 964
863 1168
863 1210
863 1298
863 1307
863 1360
863 1374
863 1385
863 1390
863 1435
864 1044
864 1061
864 1236
865 911
865 1025
865 1117
865 1217
865 1297
865 1371
865 1384
865 1417
865 1418
865 1429
866 1007
866 1039
867 882
868 919
868 1040
868 1143
869 1087
869 1113
869 1225
869 1327
869 1346
869 1353
869 1379
870 898
870 986
870 1071
870 1093
870 1243
870 1257
870 1261
871 946
871 970
871 976
871 1242
872 1016
872 1150
872 1156
872 1160
872 1276
872 1299
872 1401
872 1403
872 1409
873 971
874 890
874 969
874 1091
874 1202
874 1207
874 1271
874 1425
875 893
875 1030
875 1072
875 1085
875 1224
875 1245
875 1291
875 1305
876 948
876 966
876 1077
876 1100
876 1152
877 1051
877 1092
877 1130
877 1191
877 1260
877 1315
877 1325
877 1367
877 1369
877 1399
878 940
878 972
878 1000
878 1149
878 1213
878 1239
879 1019
879 1020
880 1164
880 1227
880 1258
880 1335
880 1415
880 1436
881 1135
881 1158
881 1163
881 1178
881 1278
883 1331
883 1389
883 1413
883 1423
883 1434
883 1448
883 1452
883 1462
883 1469
883 1471
884 1128
885 1001
885 1049
885 1284
885 1292
885 1347
885 1355
885 1381
885 1406
885 1424
885 1438
886 1107
886 1265
886 1290
886 1306
887 1055
887 1087
887 1113
887 1216
887 1225
887 1275
887 1327
887 1346
887 1353
887 1379
888 907
888 1032
889 899
889 913
889 1047
889 1161
889 1169
889 1176
890 1091
890 1202
890 1207
890 1271
890 1302
890 1425
891 1264
891 1295
891 1341
891 1356
891 1364
891 1366
891 1394
891 1398
891 1411
891 1421
892 954
892 1190
892 1252
892 1254
893 1030
893 1072
893 1085
893 1224
893 1245
893 1291
893 1305
894 1126
894 1157
894 1177
894 1196
894 1232
894 1270
894 1324
894 1330
894 1350
896 974
897 1121
897 1203
897 1211
897 1223
897 1247
897 1333
897 1352
897 1357
898 986
898 1071
898 1093
898 1243
898 1257
898 1261
899 913
899 1047
899 1161
899 1169
899 1176
900 1133
900 1198
900 1240
900 1255
900 1314
900 1351
900 1362
900 1420
900 1426
900 1431
901 1034
901 1054
901 1145
901 1319
902 934
902 937
902 973
902 1027
903 1025
903 1238
903 1297
903 1358
903 1371
903 1384
903 1417
903 1418
903 1429
904 1137
904 1198
904 1240
904 1255
904 1314
904 1351
904 1420
904 1426
904 1431
905 938
905 944
905 1080
906 928
906 932
906 950
906 1147
907 1032
908 993
908 1003
908 1155
908 1218
908 1241
909 1042
909 1244
909 1300
909 1363
909 1370
910 952
910 1052
910 1073
910 1112
911 1062
911 1217
911 1238
911 1358
911 1371
911 1384
911 1417
911 1418
911 1429
912 925
913 1047
913 1161
913 1169
913 1176
914 1331
914 1389
914 1413
914 1423
914 1434
914 1448
914 1452
914 1462
914 1469
914 1471
915 1229
915 1253
915 1266
915 1334
915 1343
915 1378
915 1391
915 1408
915 1419
916 1081
916 1146
917 951
918 979
918 980
918 1148
918 1173
918 1185
918 1204
919 1040
919 1143
920 1167
920 1188
920 1269
920 1348
920 1422
920 1450
920 1453
920 1454
920 1460
920 1470
921 1017
921 1051
921 1130
921 1191
921 1221
921 1260
921 1325
921 1367
921 1369
921 1399
922 1336
922 1342
922 1373
922 1380
922 1428
922 1444
922 1457
922 1459
922 1466
922 1468
923 968
923 1184
923 1282
923 1308
923 1316
923 1359
923 1372
923 1414
924 1111
924 1140
924 1179
924 1281
924 1283
924 1294
924 1326
924 1329
926 1028
927 949
928 932
928 950
928 1147
929 1026
929 1041
929 1141
930 1014
930 1015
930 1109
930 1171
930 1340
930 1393
930 1440
930 1449
931 935
932 950
932 1147
934 937
934 973
934 1027
936 960
936 1031
936 1063
936 1114
936 1154
937 973
937 1027
938 944
938 1080
939 1037
939 1050
939 1192
939 1215
940 972
940 1000
940 1149
940 1213
940 1239
941 1006
941 1024
941 1076
942 990
942 1005
942 1201
942 1272
942 1289
942 1313
942 1361
942 1368
943 956
943 1118
944 1080
945 1009
945 1070
945 1206
945 1214
945 1228
946 970
946 976
946 1242
947 1103
947 1156
947 1276
947 1299
947 1401
947 1403
947 1409
948 966
948 1077
948 1100
948 1152
950 1147
952 1052
952 1073
952 1112
954 1094
954 1190
954 1252
954 1254
955 975
955 981
955 1136
955 1153
955 1159
955 1187
955 1250
955 1267
956 1118
957 996
957 1074
957 1144
958 1023
958 1058
958 1078
958 1249
958 1293
958 1303
958 1310
959 1088
959 1181
959 1200
959 1226
959 1311
959 1338
959 1395
960 1031
960 1063
960 1114
960 1154
961 985
961 1102
961 1120
961 1251
961 1280
961 1337
962 1124
962 1129
962 1165
963 1029
963 1135
963 1158
963 1178
963 1278
965 992
966 1077
966 1100
966 1152
967 1122
967 1336
967 1342
967 1373
967 1380
967 1428
967 1444
967 1457
967 1459
967 1466
967 1468
968 1184
968 1282
968 1308
968 1316
968 1359
968 1372
968 1414
969 1091
969 1202
969 1271
969 1302
969 1425
970 976
970 1242
972 1000
972 1149
972 1213
972 1239
973 1027
974 1138
975 981
975 1136
975 1153
975 1159
975 1187
975 1250
975 1267
976 1242
977 1021
977 1042
977 1300
977 1363
977 1370
978 1274
978 1331
978 1389
978 1413
978 1423
978 1434
978 1448
978 1452
978 1462
978 1469
978 1471
979 980
979 999
979 1148
979 1173
979 1185
979 1204
980 1148
980 1173
980 1185
980 1204
981 1136
981 1153
981 1159
981 1187
981 1250
981 1267
982 1084
982 1095
982 1125
982 1182
983 1035
983 1045
983 1064
983 1219
983 1256
983 1349
983 1377
984 1287
984 1321
984 1396
984 1439
984 1442
984 1443
984 1455
984 1456
984 1461
984 1464
984 1467
985 1120
985 1251
985 1280
985 1337
986 1071
986 1093
986 1243
986 1257
986 1261
987 1060
987 1079
987 1090
987 1194
988 1099
988 1119
988 1259
989 1287
989 1321
989 1396
989 1439
989 1442
989 1443
989 1455
989 1456
989 1461
989 1464
989 1467
990 1005
990 1115
990 1201
990 1272
990 1289
990 1313
990 1361
990 1368
991 1184
991 1282
991 1308
991 1316
991 1359
991 1372
991 1414
993 1003
993 1155
993 1218
993 1241
994 1008
994 1036
994 1105
994 1231
994 1234
994 1301
995 1065
995 1067
995 1139
995 1195
995 1208
996 1074
996 1144
997 999
997 1013
997 1068
997 1132
997 1189
998 1018
998 1083
998 1186
998 1288
998 1344
998 1387
999 1013
999 1068
999 1132
999 1189
1000 1149
1000 1213
1000 1239
1001 1049
1001 1284
1001 1292
1001 1347
1001 1355
1001 1381
1001 1406
1001 1424
1001 1438
1002 1110
1002 1134
1002 1212
1002 1222
1002 1246
1003 1155
1003 1218
1003 1241
1004 1026
1004 1041
1004 1141
1005 1115
1005 1201
1005 1272
1005 1289
1005 1313
1005 1361
1005 1368
1006 1076
1007 1039
1008 1036
1008 1101
1008 1105
1008 1231
1008 1301
1009 1070
1009 1206
1009 1214
1009 1228
1010 1021
1010 1042
1010 1244
1010 1300
1010 1363
1010 1370
1011 1056
1011 1057
1011 1209
1011 1230
1011 1328
1011 1345
1012 1472
1012 1473
1012 1475
1012 1477
1012 1478
1012 1487
1012 1488
1012 1490
1012 1492
1012 1495
1012 1496
1013 1132
1013 1189
1014 1015
1014 1171
1014 1340
1014 1440
1014 1449
1015 1109
1015 1340
1015 1393
1015 1440
1015 1449
1016 1103
1016 1150
1016 1156
1016 1160
1016 1276
1016 1299
1016 1401
1016 1403
1016 1409
1017 1048
1017 1092
1017 1191
1017 1260
1017 1315
1017 1325
1017 1367
1017 1369
1017 1399
1018 1083
1018 1186
1018 1286
1018 1288
1018 1344
1018 1387
1019 1020
1019 1043
1021 1244
1021 1363
1021 1370
1022 1167
1022 1188
1022 1269
1022 1348
1022 1422
1022 1450
1022 1453
1022 1454
1022 1460
1022 1470
1023 1058
1023 1249
1023 1293
1023 1303
1023 1310
1024 1076
1025 1117
1025 1238
1025 1358
1025 1384
1025 1417
1025 1418
1025 1429
1026 1041
1026 1141
1029 1158
1029 1163
1029 1178
1029 1278
1030 1072
1030 1085
1030 1224
1030 1245
1030 1291
1030 1305
1031 1063
1031 1114
1031 1154
1034 1054
1034 1145
1034 1193
1034 1319
1035 1045
1035 1064
1035 1219
1035 1349
1035 1377
1036 1101
1036 1105
1036 1231
1036 1234
1036 1301
1037 1050
1037 1192
1037 1215
1038 1122
1038 1336
1038 1342
1038 1373
1038 1380
1038 1428
1038 1444
1038 1457
1038 1459
1038 1466
1038 1468
1040 1143
1041 1141
1042 1244
1042 1363
1042 1370
1043 1097
1044 1061
1044 1236
1045 1219
1045 1256
1045 1349
1045 1377
1046 1205
1046 1304
1046 1339
1046 1365
1047 1161
1047 1169
1047 1176
1048 1092
1048 1130
1048 1260
1048 1315
1048 1325
1048 1367
1048 1369
1048 1399
1049 1284
1049 1292
1049 1347
1049 1355
1049 1381
1049 1406
1049 1424
1049 1438
1050 1192
1050 1215
1051 1092
1051 1130
1051 1221
1051 1260
1051 1315
1051 1367
1051 1369
1051 1399
1052 1073
1053 1287
1053 1321
1053 1396
1053 1439
1053 1442
1053 1443
1053 1455
1053 1456
1053 1461
1053 1464
1053 1467
1054 1145
1054 1193
1054 1319
1055 1113
1055 1216
1055 1225
1055 1275
1055 1327
1055 1346
1055 1353
1055 1379
1056 1057
1056 1209
1056 1230
1056 1328
1056 1345
1057 1209
1057 1230
1057 1328
1057 1345
1058 1078
1058 1249
1058 1293
1058 1303
1058 1310
1059 1098
1059 1197
1059 1268
1060 1079
1060 1090
1060 1194
1061 1236
1062 1117
1062 1217
1062 1238
1062 1297
1062 1358
1062 1371
1062 1384
1062 1417
1062 1418
1062 1429
1063 1114
1063 1154
1064 1219
1064 1349
1064 1377
1065 1067
1065 1139
1065 1195
1065 1208
1066 1164
1066 1227
1066 1258
1066 1335
1066 1415
1066 1436
1067 1139
1067 1195
1067 1208
1068 1132
1068 1189
1069 1104
1069 1180
1069 1318
1069 1382
1069 1412
1070 1206
1070 1214
1070 1228
1071 1093
1071 1243
1071 1257
1071 1261
1072 1085
1072 1224
1072 1245
1072 1291
1072 1305
1073 1112
1074 1144
1075 1152
1075 1233
1075 1285
1075 1296
1075 1375
1075 1376
1075 1386
1075 1392
1075 1397
1075 1402
1075 1427
1075 1433
1077 1100
1077 1152
1078 1249
1078 1293
1078 1303
1078 1310
1079 1090
1079 1194
1081 1146
1082 1127
1082 1142
1083 1286
1083 1288
1083 1344
1083 1387
1084 1095
1084 1125
1084 1182
1085 1224
1085 1245
1085 1291
1085 1305
1086 1174
1086 1233
1086 1285
1086 1296
1086 1375
1086 1376
1086 1386
1086 1392
1086 1397
1086 1402
1086 1427
1086 1433
1087 1113
1087 1216
1087 1225
1087 1275
1087 1327
1087 1346
1087 1353
1087 1379
1088 1181
1088 1200
1088 1226
1088 1311
1088 1338
1088 1395
1089 1273
1089 1320
1089 1354
1089 1383
1089 1416
1089 1430
1089 1432
1089 1437
1089 1446
1089 1451
1089 1463
1089 1465
1090 1194
1091 1202
1091 1207
1091 1271
1091 1302
1091 1425
1092 1191
1092 1221
1092 1260
1092 1315
1092 1325
1092 1367
1092 1369
1092 1399
1093 1243
1093 1257
1093 1261
1094 1190
1094 1252
1094 1254
1095 1125
1095 1182
1096 1106
1096 1172
1096 1175
1096 1262
1096 1263
1098 1197
1098 1268
1099 1119
1099 1259
1100 1152
1101 1105
1101 1231
1101 1234
1102 1120
1102 1251
1102 1280
1102 1337
1103 1160
1103 1276
1103 1299
1103 1401
1103 1403
1103 1409
1104 1180
1104 1312
1104 1318
1104 1382
1104 1412
1105 1231
1105 1234
1105 1301
1106 1172
1106 1175
1106 1262
1106 1263
1107 1170
1107 1265
1107 1290
1107 1306
1109 1171
1109 1340
1109 1393
1109 1440
1109 1449
1110 1134
1110 1212
1110 1222
1110 1246
1111 1140
1111 1179
1111 1199
1111 1281
1111 1283
1111 1294
1111 1326
1111 1329
1113 1216
1113 1225
1113 1275
1113 1327
1113 1346
1113 1353
1113 1379
1114 1154
1115 1201
1115 1272
1115 1289
1115 1313
1115 1361
1115 1368
1116 1151
1116 1162
1116 1183
1116 1235
1116 1279
1116 1309
1117 1217
1117 1238
1117 1358
1117 1371
1117 1384
1117 1417
1117 1418
1117 1429
1119 1259
1120 1251
1120 1280
1120 1337
1121 1203
1121 1211
1121 1223
1121 1247
1121 1333
1121 1352
1121 1357
1122 1336
1122 1342
1122 1373
1122 1380
1122 1428
1122 1444
1122 1457
1122 1459
1122 1466
1122 1468
1123 1220
1123 1277
1123 1317
1123 1322
1123 1323
1123 1388
1123 1404
1123 1410
1124 1129
1124 1165
1125 1182
1126 1157
1126 1177
1126 1196
1126 1232
1126 1270
1126 1324
1126 1330
1126 1350
1127 1142
1129 1165
1130 1221
1130 1315
1130 1325
1130 1367
1130 1369
1130 1399
1131 1472
1131 1473
1131 1475
1131 1477
1131 1478
1131 1479
1131 1487
1131 1488
1131 1490
1131 1492
1131 1495
1131 1496
1132 1189
1133 1137
1133 1198
1133 1240
1133 1255
1133 1314
1133 1351
1133 1362
1133 1420
1133 1426
1133 1431
1134 1212
1134 1222
1134 1246
1135 1158
1135 1163
1135 1178
1135 1278
1136 1153
1136 1159
1136 1187
1136 1250
1136 1267
1137 1198
1137 1255
1137 1314
1137 1351
1137 1362
1137 1420
1137 1426
1137 1431
1139 1195
1139 1208
1140 1179
1140 1199
1140 1281
1140 1283
1140 1294
1140 1326
1140 1329
1145 1193
1145 1319
1148 1173
1148 1185
1148 1204
1149 1213
1149 1239
1150 1156
1150 1160
1150 1276
1150 1299
1150 1401
1150 1403
1150 1409
1151 1162
1151 1183
1151 1235
1151 1279
1151 1309
1153 1159
1153 1187
1153 1250
1153 1267
1155 1218
1155 1241
1156 1160
1156 1276
1156 1299
1156 1401
1156 1403
1156 1409
1157 1177
1157 1196
1157 1232
1157 1270
1157 1324
1157 1330
1157 1350
1158 1163
1158 1278
1159 1187
1159 1250
1159 1267
1160 1276
1160 1299
1160 1401
1160 1403
1160 1409
1161 1169
1161 1176
1162 1183
1162 1235
1162 1279
1162 1309
1163 1178
1163 1278
1164 1227
1164 1258
1164 1335
1164 1415
1164 1436
1166 1273
1166 1320
1166 1354
1166 1383
1166 1416
1166 1430
1166 1432
1166 1437
1166 1446
1166 1451
1166 1463
1166 1465
1167 1188
1167 1269
1167 1348
1167 1422
1167 1450
1167 1453
1167 1454
1167 1460
1167 1470
1168 1210
1168 1298
1168 1307
1168 1360
1168 1374
1168 1385
1168 1390
1168 1435
1169 1176
1170 1290
1170 1306
1171 1340
1171 1393
1171 1440
1171 1449
1172 1175
1172 1206
1172 1262
1172 1263
1173 1185
1173 1204
1174 1233
1174 1285
1174 1296
1174 1375
1174 1376
1174 1386
1174 1392
1174 1397
1174 1402
1174 1427
1174 1433
1175 1262
1175 1263
1177 1196
1177 1232
1177 1270
1177 1324
1177 1330
1177 1350
1179 1199
1179 1281
1179 1283
1179 1294
1179 1326
1179 1329
1180 1312
1180 1318
1180 1382
1180 1412
1181 1200
1181 1226
1181 1311
1181 1338
1181 1395
1183 1235
1183 1279
1183 1309
1184 1282
1184 1308
1184 1359
1184 1372
1184 1414
1185 1204
1186 1286
1186 1288
1186 1387
1187 1250
1187 1267
1188 1269
1188 1348
1188 1422
1188 1450
1188 1453
1188 1454
1188 1460
1188 1470
1190 1252
1190 1254
1191 1221
1191 1260
1191 1315
1191 1325
1191 1367
1191 1369
1191 1399
1192 1215
1193 1319
1195 1208
1196 1232
1196 1270
1196 1324
1196 1330
1196 1350
1197 1268
1198 1240
1198 1255
1198 1314
1198 1351
1198 1362
1198 1420
1198 1426
1198 1431
1199 1281
1199 1283
1199 1294
1199 1326
1199 1329
1200 1226
1200 1311
1200 1338
1200 1395
1201 1272
1201 1289
1201 1313
1201 1361
1201 1368
1202 1207
1202 1302
1202 1425
1203 1211
1203 1223
1203 1247
1203 1333
1203 1352
1203 1357
1205 1304
1205 1339
1205 1365
1206 1228
1207 1271
1207 1302
1207 1425
1209 1230
1209 1328
1209 1345
1210 1298
1210 1307
1210 1360
1210 1374
1210 1385
1210 1390
1210 1435
1211 1223
1211 1247
1211 1333
1211 1352
1211 1357
1212 1222
1212 1246
1213 1239
1214 1228
1215 1222
1216 1225
1216 1275
1216 1327
1216 1346
1216 1353
1216 1379
1217 1238
1217 1297
1217 1358
1217 1371
1217 1384
1217 1417
1217 1418
1217 1429
1218 1241
1219 1256
1219 1349
1219 1377
1220 1277
1220 1317
1220 1322
1220 1323
1220 1388
1220 1404
1220 1410
1221 1260
1221 1315
1221 1325
1221 1367
1221 1369
1221 1399
1222 1246
1223 1247
1223 1333
1223 1352
1223 1357
1224 1245
1224 1291
1224 1305
1225 1275
1225 1327
1225 1346
1225 1353
1225 1379
1226 1311
1226 1338
1226 1395
1227 1258
1227 1335
1227 1415
1227 1436
1229 1253
1229 1266
1229 1334
1229 1343
1229 1378
1229 1391
1229 1408
1229 1419
1230 1328
1230 1345
1231 1234
1231 1301
1232 1270
1232 1324
1232 1330
1232 1350
1233 1285
1233 1296
1233 1375
1233 1376
1233 1386
1233 1392
1233 1397
1233 1402
1233 1427
1233 1433
1234 1301
1235 1279
1235 1309
1237 1248
1237 1274
1237 1331
1237 1389
1237 1413
1237 1423
1237 1434
1237 1448
1237 1452
1237 1462
1237 1469
1237 1471
1238 1297
1238 1358
1238 1371
1238 1384
1238 1417
1238 1418
1238 1429
1240 1255
1240 1314
1240 1351
1240 1362
1240 1420
1240 1426
1240 1431
1243 1257
1243 1261
1244 1300
1244 1363
1244 1370
1245 1291
1245 1305
1247 1333
1247 1352
1247 1357
1248 1274
1248 1331
1248 1389
1248 1413
1248 1423
1248 1434
1248 1448
1248 1452
1248 1462
1248 1469
1248 1471
1249 1293
1249 1303
1249 1310
1250 1267
1251 1280
1251 1337
1252 1254
1253 1266
1253 1334
1253 1343
1253 1378
1253 1391
1253 1408
1253 1419
1255 1314
1255 1351
1255 1362
1255 1420
1255 1426
1255 1431
1256 1349
1256 1377
1257 1261
1258 1335
1258 1415
1258 1436
1260 1315
1260 1325
1260 1367
1260 1369
1260 1399
1262 1263
1264 1295
1264 1341
1264 1356
1264 1364
1264 1366
1264 1394
1264 1398
1264 1411
1264 1421
1265 1290
1265 1306
1266 1334
1266 1343
1266 1378
1266 1391
1266 1408
1266 1419
1269 1348
1269 1422
1269 1450
1269 1453
1269 1454
1269 1460
1269 1470
1270 1324
1270 1330
1270 1350
1271 1302
1271 1425
1272 1289
1272 1313
1272 1361
1272 1368
1273 1320
1273 1354
1273 1383
1273 1416
1273 1430
1273 1432
1273 1437
1273 1446
1273 1451
1273 1463
1273 1465
1274 1331
1274 1389
1274 1413
1274 1423
1274 1434
1274 1448
1274 1452
1274 1462
1274 1469
1274 1471
1275 1327
1275 1346
1275 1353
1275 1379
1276 1299
1276 1401
1276 1403
1276 1409
1277 1317
1277 1322
1277 1323
1277 1388
1277 1404
1277 1410
1279 1309
1280 1337
1281 1283
1281 1294
1281 1326
1281 1329
1282 1308
1282 1316
1282 1359
1282 1372
1282 1414
1283 1294
1283 1326
1283 1329
1284 1292
1284 1347
1284 1355
1284 1381
1284 1406
1284 1424
1284 1438
1285 1296
1285 1375
1285 1376
1285 1386
1285 1392
1285 1397
1285 1402
1285 1427
1285 1433
1286 1288
1286 1344
1286 1387
1287 1321
1287 1396
1287 1439
1287 1442
1287 1443
1287 1455
1287 1456
1287 1461
1287 1464
1287 1467
1288 1344
1288 1387
1289 1313
1289 1361
1289 1368
1290 1306
1291 1305
1292 1347
1292 1355
1292 1381
1292 1406
1292 1424
1292 1438
1293 1303
1293 1310
1294 1326
1294 1329
1295 1337
1295 1341
1295 1356
1295 1364
1295 1366
1295 1394
1295 1398
1295 1411
1295 1421
1296 1375
1296 1376
1296 1386
1296 1392
1296 1397
1296 1402
1296 1427
1296 1433
1297 1358
1297 1371
1297 1384
1297 1417
1297 1418
1297 1429
1298 1307
1298 1360
1298 1374
1298 1385
1298 1390
1298 1435
1299 1401
1299 1403
1299 1409
1300 1363
1300 1370
1302 1425
1303 1310
1304 1339
1304 1365
1307 1360
1307 1374
1307 1385
1307 1390
1307 1435
1308 1359
1308 1372
1308 1414
1311 1338
1311 1395
1312 1318
1312 1382
1312 1412
1313 1361
1313 1368
1314 1351
1314 1362
1314 1420
1314 1426
1314 1431
1315 1325
1315 1367
1315 1369
1315 1399
1316 1359
1316 1372
1316 1414
1317 1322
1317 1323
1317 1388
1317 1404
1317 1410
1318 1382
1318 1412
1320 1354
1320 1383
1320 1416
1320 1430
1320 1432
1320 1437
1320 1446
1320 1451
1320 1463
1320 1465
1321 1396
1321 1439
1321 1442
1321 1443
1321 1455
1321 1456
1321 1461
1321 1464
1321 1467
1322 1323
1322 1388
1322 1404
1322 1410
1323 1388
1323 1404
1323 1410
1324 1330
1324 1350
1325 1367
1325 1369
1325 1399
1326 1329
1327 1346
1327 1353
1327 1379
1328 1345
1330 1350
1331 1389
1331 1413
1331 1423
1331 1434
1331 1448
1331 1452
1331 1462
1331 1469
1331 1471
1332 1400
1332 1445
1332 1458
1332 1472
1332 1473
1332 1475
1332 1477
1332 1478
1332 1479
1332 1483
1332 1487
1332 1488
1332 1490
1332 1492
1332 1495
1332 1496
1333 1352
1333 1357
1334 1343
1334 1378
1334 1391
1334 1408
1334 1419
1335 1415
1335 1436
1336 1342
1336 1373
1336 1380
1336 1428
1336 1444
1336 1457
1336 1459
1336 1466
1336 1468
1338 1395
1339 1365
1340 1393
1340 1449
1341 1356
1341 1364
1341 1366
1341 1394
1341 1398
1341 1411
1341 1421
1342 1373
1342 1380
1342 1428
1342 1444
1342 1457
1342 1459
1342 1466
1342 1468
1343 1378
1343 1391
1343 1408
1343 1419
1344 1387
1346 1353
1346 1379
1347 1355
1347 1381
1347 1406
1347 1424
1347 1438
1348 1422
1348 1450
1348 1453
1348 1454
1348 1460
1348 1470
1349 1377
1351 1362
1351 1420
1351 1426
1351 1431
1352 1357
1353 1379
1354 1383
1354 1416
1354 1430
1354 1432
1354 1437
1354 1446
1354 1451
1354 1463
1354 1465
1355 1381
1355 1406
1355 1424
1355 1438
1356 1364
1356 1366
1356 1394
1356 1398
1356 1411
1356 1421
1358 1371
1358 1384
1358 1417
1358 1418
1358 1429
1359 1372
1359 1414
1360 1374
1360 1385
1360 1390
1360 1435
1361 1368
1362 1420
1362 1426
1362 1431
1363 1370
1364 1366
1364 1394
1364 1398
1364 1411
1364 1421
1366 1394
1366 1398
1366 1411
1366 1421
1367 1369
1367 1399
1369 1399
1371 1384
1371 1417
1371 1418
1371 1429
1372 1414
1373 1380
1373 1428
1373 1444
1373 1457
1373 1459
1373 1466
1373 1468
1374 1385
1374 1390
1374 1435
1375 1376
1375 1386
1375 1392
1375 1397
1375 1402
1375 1427
1375 1433
1376 1386
1376 1392
1376 1397
1376 1402
1376 1427
1376 1433
1378 1391
1378 1408
1378 1419
1380 1428
1380 1444
1380 1457
1380 1459
1380 1466
1380 1468
1381 1406
1381 1424
1381 1438
1382 1412
1383 1416
1383 1430
1383 1432
1383 1437
1383 1446
1383 1451
1383 1463
1383 1465
1384 1417
1384 1418
1384 1429
1385 1390
1385 1435
1386 1392
1386 1397
1386 1402
1386 1427
1386 1433
1388 1404
1388 1410
1389 1413
1389 1423
1389 1434
1389 1448
1389 1452
1389 1462
1389 1469
1389 1471
1390 1435
1391 1408
1391 1419
1392 1397
1392 1402
1392 1427
1392 1433
1393 1440
1393 1449
1394 1398
1394 1411
1394 1421
1396 1439
1396 1442
1396 1443
1396 1455
1396 1456
1396 1461
1396 1464
1396 1467
1397 1402
1397 1427
1397 1433
1398 1411
1398 1421
1400 1405
1400 1407
1400 1445
1400 1458
1400 1472
1400 1473
1400 1475
1400 1477
1400 1478
1400 1479
1400 1483
1400 1487
1400 1488
1400 1490
1400 1492
1400 1495
1400 1496
1401 1403
1401 1409
1402 1427
1402 1433
1403 1409
1404 1410
1405 1407
1405 1445
1405 1458
1405 1472
1405 1473
1405 1475
1405 1477
1405 1478
1405 1479
1405 1483
1405 1487
1405 1488
1405 1490
1405 1492
1405 1495
1405 1496
1406 1424
1406 1438
1407 1445
1407 1458
1407 1472
1407 1473
1407 1475
1407 1477
1407 1478
1407 1479
1407 1483
1407 1487
1407 1488
1407 1490
1407 1492
1407 1495
1407 1496
1408 1419
1411 1421
1413 1423
1413 1434
1413 1448
1413 1452
1413 1462
1413 1469
1413 1471
1415 1436
1416 1430
1416 1432
1416 1437
1416 1446
1416 1451
1416 1463
1416 1465
1417 1418
1417 1429
1418 1429
1420 1426
1420 1431
1422 1450
1422 1453
1422 1454
1422 1460
1422 1470
1423 1434
1423 1448
1423 1452
1423 1462
1423 1469
1423 1471
1424 1438
1426 1431
1427 1433
1428 1444
1428 1457
1428 1459
1428 1466
1428 1468
1429 1436
1430 1432
1430 1437
1430 1446
1430 1451
1430 1463
1430 1465
1432 1437
1432 1446
1432 1451
1432 1463
1432 1465
1434 1448
1434 1452
1434 1462
1434 1469
1434 1471
1437 1446
1437 1451
1437 1463
1437 1465
1439 1442
1439 1443
1439 1455
1439 1456
1439 1461
1439 1464
1439 1467
1440 1449
1440 1451
1441 1447
1441 1474
1441 1476
1441 1480
1441 1481
1441 1482
1441 1484
1441 1485
1441 1486
1441 1489
1441 1491
1441 1493
1441 1494
1441 1497
1441 1498
1441 1499
1441 1500
1442 1443
1442 1455
1442 1456
1442 1461
1442 1464
1442 1467
1443 1455
1443 1456
1443 1461
1443 1464
1443 1467
1444 1457
1444 1459
1444 1466
1444 1468
1445 1458
1445 1472
1445 1473
1445 1475
1445 1477
1445 1478
1445 1479
1445 1483
1445 1487
1445 1488
1445 1490
1445 1492
1445 1495
1445 1496
1446 1451
1446 1463
1446 1465
1447 1474
1447 1476
1447 1480
1447 1481
1447 1482
1447 1484
1447 1485
1447 1486
1447 1489
1447 1491
1447 1493
1447 1494
1447 1497
1447 1498
1447 1499
1447 1500
1448 1452
1448 1462
1448 1469
1448 1471
1450 1453
1450 1454
1450 1460
1450 1470
1451 1463
1451 1465
1452 1462
1452 1469
1452 1471
1453 1454
1453 1460
1453 1470
1454 1460
1454 1470
1455 1456
1455 1461
1455 1464
1455 1467
1456 1461
1456 1464
1456 1467
1457 1459
1457 1466
1457 1468
1458 1472
1458 1473
1458 1475
1458 1477
1458 1478
1458 1479
1458 1483
1458 1487
1458 1488
1458 1490
1458 1492
1458 1495
1458 1496
1459 1466
1459 1468
1460 1470
1461 1464
1461 1467
1462 1469
1462 1471
1463 1465
1464 1467
1466 1468
1469 1471
1472 1473
1472 1475
1472 1477
1472 1478
1472 1479
1472 1483
1472 1487
1472 1488
1472 1490
1472 1492
1472 1495
1472 1496
1473 1475
1473 1477
1473 1478
1473 1479
1473 1483
1473 1487
1473 1488
1473 1490
1473 1492
1473 1495
1473 1496
1474 1476
1474 1480
1474 1481
1474 1482
1474 1484
1474 1485
1474 1486
1474 1489
1474 1491
1474 1493
1474 1494
1474 1497
1474 1498
1474 1499
1474 1500
1475 1477
1475 1478
1475 1479
1475 1483
1475 1487
1475 1488
1475 1490
1475 1492
1475 1495
1475 1496
1476 1480
1476 1481
1476 1482
1476 1484
1476 1485
1476 1486
1476 1489
1476 1491
1476 1493
1476 1494
1476 1497
1476 1498
1476 1499
1476 1500
1477 1478
1477 1479
1477 1483
1477 1487
1477 1488
1477 1490
1477 1492
1477 1495
1477 1496
1478 1479
1478 1483
1478 1487
1478 1488
1478 1490
1478 1492
1478 1495
1478 1496
1479 1483
1479 1487
1479 1488
1479 1490
1479 1492
1479 1495
1479 1496
1480 1481
1480 1482
1480 1484
1480 1485
1480 1486
1480 1489
1480 1491
1480 1493
1480 1494
1480 1497
1480 1498
1480 1499
1480 1500
1481 1482
1481 1484
1481 1485
1481 1486
1481 1489
1481 1491
1481 1493
1481 1494
1481 1497
1481 1498
1481 1499
1481 1500
1482 1484
1482 1485
1482 1486
1482 1489
1482 1491
1482 1493
1482 1494
1482 1497
1482 1498
1482 1499
1482 1500
1483 1487
1483 1488
1483 1490
1483 1492
1483 1495
1483 1496
1484 1485
1484 1486
1484 1489
1484 1491
1484 1493
1484 1494
1484 1497
1484 1498
1484 1499
1484 1500
1485 1486
1485 1489
1485 1491
1485 1493
1485 1494
1485 1497
1485 1498
1485 1499
1485 1500
1486 1489
1486 1491
1486 1493
1486 1494
1486 1497
1486 1498
1486 1499
1486 1500
1487 1488
1487 1490
1487 1492
1487 1495
1487 1496
1488 1490
1488 1492
1488 1495
1488 1496
1489 1491
1489 1493
1489 1494
1489 1497
1489 1498
1489 1499
1489 1500
1490 1492
1490 1495
1490 1496
1491 1493
1491 1494
1491 1497
1491 1498
1491 1499
1491 1500
1492 1495
1492 1496
1493 1494
1493 1497
1493 1498
1493 1499
1493 1500
1494 1497
1494 1498
1494 1499
1494 1500
1495 1496
1497 1498
1497 1499
1497 1500
1498 1499
1498 1500
1499 1500