500 5
2498
1	372
1	387
1	393
1	396
1	405
1	412
2	45
2	206
2	222
2	257
2	302
2	331
3	104
3	157
3	181
3	263
3	320
3	363
4	215
4	227
4	265
4	268
4	273
4	281
5	129
5	324
5	339
5	380
5	383
5	417
6	326
6	334
6	369
6	378
6	384
6	386
7	247
7	277
7	394
7	397
7	399
7	500
8	64
8	124
8	234
8	246
8	320
8	363
9	216
9	292
9	341
9	370
9	404
9	415
10	247
10	289
10	304
10	394
10	397
10	399
11	40
11	154
11	338
11	381
11	403
11	409
12	148
12	218
12	324
12	377
12	380
12	417
13	189
13	200
13	243
13	404
13	408
13	415
14	53
14	58
14	74
14	105
14	335
14	340
15	89
15	113
15	321
15	332
15	410
15	424
16	38
16	48
16	135
16	381
16	403
16	409
17	58
17	77
17	105
17	224
17	279
17	335
18	310
18	317
18	330
18	359
18	391
18	407
19	275
19	286
19	369
19	378
19	384
19	386
20	38
20	135
20	191
20	381
20	403
20	409
21	220
21	270
21	312
21	347
21	358
21	411
22	237
22	242
22	251
22	259
22	278
22	285
23	47
23	50
23	264
23	306
23	349
23	365
24	72
24	91
24	140
24	258
24	272
24	315
25	131
25	247
25	289
25	394
25	397
25	399
26	292
26	323
26	370
26	404
26	408
26	415
27	225
27	300
27	312
27	347
27	358
27	411
28	192
28	194
28	256
28	330
28	391
28	407
29	193
29	229
29	413
29	416
29	420
29	421
30	376
30	414
30	419
30	437
30	440
30	450
31	165
31	195
31	239
31	298
31	329
31	342
32	292
32	323
32	341
32	404
32	408
32	415
33	74
33	105
33	224
33	279
33	335
33	340
34	94
34	122
34	123
34	141
34	155
34	297
35	425
35	427
35	428
35	434
35	441
35	443
36	66
36	69
36	112
36	168
36	196
36	308
37	277
37	289
37	304
37	394
37	397
37	399
38	40
38	191
38	381
38	409
39	145
39	184
39	208
39	250
39	313
39	328
40	100
40	338
40	381
40	403
41	180
41	296
41	307
41	336
41	366
41	371
42	179
42	254
42	303
42	351
42	364
42	374
43	373
43	390
43	418
43	423
43	426
43	430
44	174
44	230
44	284
44	337
44	367
44	392
45	206
45	221
45	240
45	267
45	331
46	419
46	429
46	437
46	447
46	450
47	241
47	264
47	306
47	349
47	365
48	166
48	338
48	381
48	403
48	409
49	67
49	140
49	214
49	258
49	272
49	315
50	87
50	264
50	306
50	349
50	365
51	93
51	254
51	303
51	351
51	364
51	374
52	60
52	245
52	293
52	354
52	356
52	368
53	76
53	77
53	224
53	335
53	340
54	63
54	236
54	242
54	251
54	259
54	278
55	174
55	311
55	337
55	343
55	367
55	392
56	253
56	284
56	311
56	337
56	367
56	392
57	201
57	205
57	266
57	269
57	345
57	362
58	224
58	279
58	335
58	340
59	81
59	142
59	271
59	306
59	349
59	365
60	212
60	327
60	354
60	356
60	368
61	110
61	179
61	190
61	303
61	364
61	374
62	163
62	176
62	190
62	254
62	364
62	374
63	132
63	158
63	236
63	237
63	285
64	78
64	124
64	234
64	263
64	363
65	291
65	325
65	418
65	423
65	426
65	430
66	69
66	147
66	168
66	196
66	308
67	161
67	214
67	258
67	272
67	315
68	118
68	324
68	333
68	377
68	383
68	417
69	143
69	160
69	178
69	308
70	395
70	425
70	433
70	434
70	441
70	443
71	75
71	134
71	175
71	205
71	266
71	345
72	91
72	140
72	258
72	272
72	315
73	219
73	249
73	295
73	305
73	348
73	350
74	105
74	279
74	335
74	340
75	127
75	134
75	269
75	345
75	362
76	77
76	105
76	279
76	335
76	340
77	224
77	335
77	340
78	104
78	246
78	263
78	320
78	363
79	192
79	223
79	310
79	330
79	391
79	407
80	131
80	289
80	304
80	394
80	397
80	399
81	241
81	264
81	271
81	306
81	365
82	199
82	286
82	326
82	378
82	384
82	386
83	243
83	292
83	323
83	370
83	404
83	408
84	357
84	419
84	437
84	440
84	447
84	450
85	115
85	390
85	418
85	423
85	426
85	430
86	326
86	334
86	369
86	378
86	384
86	386
87	241
87	271
87	349
87	365
88	123
88	155
88	172
88	231
88	287
88	297
89	262
89	321
89	361
89	410
89	424
90	427
90	428
90	433
90	434
90	441
90	443
91	161
91	214
91	272
91	315
92	463
92	466
92	468
92	469
92	471
92	476
93	190
93	303
93	351
93	364
93	374
94	141
94	144
94	172
94	287
94	297
95	108
95	116
95	188
95	250
95	313
95	328
96	167
96	226
96	321
96	332
96	410
96	424
97	379
97	388
97	398
97	416
97	420
97	421
98	128
98	262
98	321
98	332
98	361
98	424
99	180
99	260
99	307
99	336
99	366
99	371
100	146
100	191
100	381
100	403
100	409
101	487
101	489
101	490
101	492
101	498
101	500
102	276
102	319
102	372
102	387
102	396
102	405
103	458
103	463
103	466
103	468
103	469
103	471
103	476
104	181
104	234
104	263
104	320
104	363
105	279
105	340
106	113
106	226
106	262
106	321
106	361
106	410
106	424
107	145
107	184
107	188
107	208
107	250
107	313
107	328
108	116
108	145
108	184
108	188
108	313
108	328
109	192
109	206
109	223
109	317
109	330
109	359
109	407
110	163
110	176
110	179
110	254
110	364
110	374
111	198
111	225
111	270
111	312
111	358
111	375
111	411
112	147
112	160
112	168
112	178
112	196
112	308
113	128
113	167
113	361
113	410
113	424
114	139
114	203
114	217
114	239
114	282
114	329
114	346
115	373
115	390
115	418
115	423
115	426
115	430
116	145
116	188
116	250
116	313
116	328
117	322
117	344
117	353
117	413
117	416
117	420
117	421
118	218
118	333
118	377
118	380
118	383
118	417
119	238
119	293
119	318
119	327
119	354
119	356
119	368
120	448
120	456
120	461
120	464
120	465
120	467
120	474
121	167
121	226
121	262
121	321
121	361
121	410
121	424
122	141
122	144
122	155
122	172
122	287
122	297
123	144
123	155
123	231
123	287
123	297
124	157
124	181
124	246
124	320
124	363
125	248
125	294
125	372
125	393
125	396
125	405
125	412
126	449
126	459
126	461
126	464
126	465
126	467
126	474
127	175
127	201
127	266
127	269
127	345
127	362
128	321
128	332
128	361
128	410
128	424
129	301
129	339
129	377
129	380
129	383
129	417
130	219
130	233
130	249
130	295
130	305
130	348
130	350
131	277
131	304
131	394
131	397
131	399
132	158
132	237
132	242
132	251
132	259
132	285
133	199
133	286
133	326
133	334
133	369
133	384
133	386
134	201
134	205
134	269
134	345
134	362
135	146
135	338
135	381
135	403
135	409
136	177
136	207
136	274
136	296
136	336
136	366
136	371
137	202
137	221
137	240
137	257
137	267
137	302
137	331
138	151
138	284
138	311
138	337
138	343
138	367
138	392
139	165
139	235
139	255
139	298
139	342
139	346
140	161
140	214
140	258
140	315
141	144
141	231
141	287
141	297
142	241
142	264
142	271
142	306
142	349
142	365
143	147
143	160
143	168
143	178
143	196
143	308
144	172
144	231
144	287
145	184
145	208
145	328
146	166
146	338
146	381
146	403
146	409
147	160
147	178
147	196
147	308
148	261
148	333
148	339
148	380
148	383
148	417
149	204
149	219
149	232
149	249
149	295
149	305
149	350
150	314
150	325
150	373
150	418
150	423
150	426
150	430
151	159
151	230
151	253
151	311
151	337
151	367
152	175
152	201
152	205
152	266
152	269
152	345
152	362
153	291
153	314
153	390
153	418
153	423
153	426
153	430
154	166
154	191
154	338
154	381
154	403
154	409
155	231
155	287
155	297
156	425
156	427
156	428
156	433
156	434
156	441
156	443
157	246
157	263
157	320
157	363
158	237
158	251
158	259
158	278
158	285
159	174
159	253
159	284
159	343
159	367
159	392
160	168
160	196
160	308
161	214
161	258
161	272
161	315
162	352
162	376
162	429
162	437
162	440
162	447
162	450
163	190
163	303
163	351
163	364
163	374
164	204
164	219
164	232
164	233
164	305
164	348
164	350
165	195
165	217
165	255
165	329
165	342
166	191
166	338
166	403
166	409
167	321
167	361
167	410
167	424
168	178
168	308
169	425
169	427
169	428
169	433
169	434
169	441
169	443
170	247
170	277
170	289
170	304
170	394
170	397
170	399
171	484
171	487
171	489
171	490
171	492
171	498
171	500
172	231
172	287
172	297
173	185
173	228
173	265
173	268
173	273
173	281
174	337
174	343
174	367
174	392
175	201
175	266
175	269
175	362
176	254
176	303
176	351
176	364
176	374
177	260
177	274
177	296
177	307
177	366
177	371
178	196
178	308
179	303
179	351
179	364
179	374
180	260
180	307
180	336
180	366
180	371
181	234
181	246
181	320
181	363
182	325
182	373
182	390
182	418
182	423
182	426
182	430
183	194
183	310
183	317
183	330
183	359
183	391
183	407
184	208
184	250
184	313
184	328
185	215
185	227
185	228
185	265
185	268
185	273
185	281
186	477
186	484
186	487
186	489
186	490
186	492
186	498
186	500
187	395
187	425
187	427
187	428
187	433
187	434
187	441
187	443
188	208
188	250
188	313
188	328
189	200
189	292
189	341
189	370
189	404
189	408
189	415
190	303
190	351
190	364
190	374
191	338
191	403
191	409
192	317
192	330
192	359
192	391
192	407
193	353
193	388
193	398
193	413
193	416
193	420
193	421
194	256
194	310
194	317
194	359
194	391
194	407
195	203
195	217
195	239
195	329
195	342
195	346
196	308
197	488
197	491
197	493
197	494
197	495
197	496
197	497
197	499
198	211
198	270
198	312
198	347
198	358
198	375
198	411
199	275
199	334
199	369
199	378
199	384
199	386
200	292
200	323
200	370
200	404
200	408
200	415
201	205
201	345
201	362
202	206
202	221
202	222
202	240
202	257
202	302
202	331
203	217
203	255
203	282
203	298
203	342
203	346
204	232
204	233
204	295
204	305
204	348
204	350
205	266
205	345
205	362
206	257
206	267
206	302
206	331
207	260
207	274
207	296
207	307
207	336
207	366
207	371
208	250
208	313
208	328
209	238
209	245
209	293
209	318
209	327
209	354
209	356
209	368
210	352
210	357
210	382
210	414
210	429
210	440
210	447
210	450
211	213
211	270
211	300
211	312
211	358
211	375
211	411
212	238
212	293
212	318
212	327
212	354
212	356
212	368
213	220
213	270
213	312
213	347
213	358
213	375
213	411
214	258
214	272
214	315
215	227
215	228
215	265
215	268
215	273
215	281
216	243
216	323
216	341
216	370
216	404
216	408
216	415
217	298
217	329
217	342
217	346
218	261
218	301
218	339
218	380
218	383
218	417
219	295
219	305
219	348
219	350
220	300
220	347
220	358
220	375
220	411
221	222
221	240
221	267
221	302
221	331
222	240
222	257
222	267
222	302
222	331
223	256
223	310
223	317
223	359
223	391
223	407
224	279
224	335
224	340
225	270
225	300
225	347
225	358
225	375
225	411
226	262
226	332
226	361
226	410
226	424
227	228
227	265
227	268
227	273
227	281
228	265
228	268
228	273
228	281
229	379
229	388
229	398
229	413
229	416
229	420
229	421
230	253
230	311
230	337
230	343
230	367
230	392
231	287
231	297
232	233
232	249
232	295
232	348
232	350
233	249
233	305
233	348
233	350
234	246
234	263
234	320
234	363
235	255
235	282
235	298
235	329
235	342
235	346
236	237
236	242
236	251
236	259
236	278
236	285
237	242
237	251
237	278
237	285
238	245
238	318
238	327
238	354
238	356
238	368
239	255
239	282
239	298
239	329
239	342
239	346
240	257
240	267
240	302
240	331
241	264
241	271
241	306
241	349
241	365
242	259
242	278
242	285
242	332
243	323
243	341
243	370
243	404
243	408
243	415
244	357
244	382
244	414
244	419
244	429
244	437
244	440
244	447
244	450
245	293
245	318
245	327
245	354
245	356
245	368
246	263
246	320
246	363
247	289
247	304
247	394
247	397
247	399
248	280
248	294
248	372
248	387
248	393
248	396
248	405
248	412
249	295
249	305
249	348
249	350
250	313
250	328
251	259
251	278
251	285
252	352
252	382
252	414
252	419
252	429
252	437
252	440
252	447
252	450
253	284
253	311
253	337
253	343
253	392
254	303
254	351
254	364
254	374
255	282
255	298
255	329
255	342
256	310
256	317
256	330
256	359
256	391
256	407
257	267
257	302
257	331
258	272
258	315
259	278
259	285
260	274
260	296
260	336
260	366
260	371
261	301
261	324
261	333
261	339
261	377
261	380
261	417
262	332
262	361
262	410
262	424
263	320
263	363
264	271
264	349
264	365
265	268
265	273
265	281
266	269
266	345
266	362
267	302
267	331
268	273
268	281
269	345
269	362
270	300
270	375
270	411
271	306
271	349
271	365
272	315
273	281
274	296
274	307
274	336
274	366
274	371
275	286
275	326
275	334
275	369
275	378
275	384
275	386
276	280
276	283
276	319
276	372
276	387
276	393
276	405
276	412
277	289
277	304
277	394
277	397
277	399
278	285
279	335
279	340
280	283
280	319
280	387
280	393
280	396
280	405
280	412
282	298
282	329
282	342
282	346
283	294
283	319
283	372
283	387
283	393
283	396
283	405
283	412
284	311
284	337
284	343
284	367
284	392
286	326
286	334
286	369
286	378
286	384
286	386
287	297
288	439
288	448
288	449
288	456
288	459
288	461
288	464
288	465
288	467
288	474
289	394
289	397
289	399
290	360
290	395
290	400
290	425
290	427
290	428
290	433
290	434
290	441
290	443
291	314
291	325
291	373
291	390
291	418
291	423
291	426
291	430
292	323
292	404
292	408
292	415
293	318
293	327
293	354
293	356
293	368
294	319
294	372
294	387
294	393
294	396
294	405
294	412
295	305
295	348
295	350
296	307
296	336
296	366
296	371
298	329
298	346
299	432
299	453
299	455
299	458
299	463
299	466
299	468
299	469
299	471
299	476
300	312
300	347
300	358
300	375
300	411
301	324
301	333
301	339
301	377
301	380
301	383
301	417
302	331
303	351
304	394
304	397
304	399
305	348
306	349
306	365
307	336
307	366
307	371
309	439
309	448
309	449
309	456
309	459
309	461
309	464
309	465
309	467
309	474
310	330
310	359
310	391
310	407
311	343
311	367
311	392
312	347
312	375
312	411
313	328
314	325
314	373
314	390
314	418
314	423
314	426
314	430
316	322
316	344
316	353
316	379
316	388
316	398
316	413
316	416
316	420
316	421
317	359
317	391
317	407
318	327
318	354
318	356
318	368
319	387
319	393
319	396
319	405
319	412
320	363
321	332
321	410
321	424
322	344
322	353
322	379
322	388
322	398
322	413
322	416
322	420
322	421
323	341
323	370
323	408
323	415
324	333
324	339
324	377
324	380
324	383
324	417
325	373
325	390
325	418
325	423
325	426
325	430
326	334
326	369
326	378
326	384
326	386
327	354
327	356
327	368
329	346
330	359
330	391
330	407
332	361
332	410
332	424
333	339
333	377
333	380
333	383
333	417
334	369
334	378
334	384
334	386
335	340
336	366
336	371
337	343
337	392
338	381
338	403
338	409
339	377
339	383
339	417
341	362
341	370
341	404
341	408
341	415
342	346
343	367
343	392
344	353
344	379
344	388
344	398
344	413
344	416
344	420
344	421
345	362
347	358
347	375
347	411
348	350
349	365
351	364
351	374
352	376
352	382
352	414
352	419
352	429
352	437
352	440
352	447
352	450
353	379
353	388
353	398
353	413
353	416
353	420
353	421
354	356
354	368
355	422
355	439
355	444
355	448
355	449
355	456
355	459
355	461
355	464
355	465
355	467
355	474
356	368
357	376
357	382
357	414
357	419
357	429
357	437
357	440
357	447
357	450
358	375
358	411
359	391
359	407
360	395
360	400
360	425
360	427
360	428
360	433
360	434
360	441
360	443
361	410
361	424
366	371
367	392
369	378
369	384
369	386
370	404
370	408
370	415
372	387
372	393
372	396
372	405
372	412
373	390
373	418
373	423
373	426
373	430
375	411
376	382
376	414
376	419
376	429
376	437
376	440
376	447
376	450
377	380
377	383
377	417
378	384
378	386
379	388
379	398
379	413
379	416
379	420
379	421
380	383
380	417
381	403
381	409
382	414
382	419
382	429
382	437
382	440
382	447
382	450
383	417
384	386
385	478
385	481
385	482
385	485
385	486
385	488
385	491
385	493
385	494
385	495
385	496
385	497
385	499
387	393
387	396
387	405
387	412
388	398
388	413
388	416
388	420
388	421
389	478
389	481
389	482
389	485
389	486
389	488
389	491
389	493
389	494
389	495
389	496
389	497
389	499
390	418
390	423
390	426
390	430
391	407
393	396
393	405
393	412
394	397
394	399
395	400
395	425
395	427
395	428
395	433
395	434
395	441
395	443
396	405
396	412
397	399
398	413
398	416
398	420
398	421
400	425
400	427
400	428
400	433
400	434
400	441
400	443
401	432
401	435
401	438
401	445
401	446
401	453
401	455
401	458
401	463
401	466
401	468
401	469
401	471
401	476
402	432
402	435
402	438
402	445
402	446
402	453
402	455
402	458
402	463
402	466
402	468
402	469
402	471
402	476
403	409
404	408
404	415
405	412
406	422
406	431
406	439
406	444
406	448
406	449
406	456
406	459
406	461
406	464
406	465
406	467
406	474
408	415
410	424
412	433
413	416
413	420
413	421
414	419
414	429
414	437
414	440
414	447
414	450
416	420
416	421
418	423
418	426
418	430
419	429
419	437
419	440
419	447
419	450
420	421
422	431
422	439
422	444
422	448
422	449
422	456
422	459
422	461
422	464
422	465
422	467
422	474
423	426
423	430
425	427
425	428
425	433
425	434
425	441
425	443
426	430
427	428
427	433
427	434
427	441
427	443
428	433
428	434
428	441
428	443
429	437
429	440
429	447
429	450
431	439
431	444
431	448
431	449
431	456
431	459
431	461
431	464
431	465
431	467
431	474
432	435
432	438
432	445
432	446
432	453
432	455
432	458
432	463
432	466
432	468
432	469
432	471
432	476
433	434
433	441
433	443
434	441
434	443
435	438
435	445
435	446
435	453
435	455
435	458
435	463
435	466
435	468
435	469
435	471
435	476
436	452
436	460
436	462
436	470
436	475
436	477
436	479
436	480
436	483
436	484
436	487
436	489
436	490
436	492
436	498
436	500
437	440
437	447
437	450
438	445
438	446
438	453
438	455
438	458
438	463
438	466
438	468
438	469
438	471
438	476
439	444
439	448
439	449
439	456
439	459
439	461
439	464
439	465
439	467
439	474
440	447
440	450
441	443
442	451
442	472
442	473
442	478
442	481
442	482
442	485
442	486
442	488
442	491
442	493
442	494
442	495
442	496
442	497
442	499
444	448
444	449
444	456
444	459
444	461
444	464
444	465
444	467
444	474
445	446
445	453
445	455
445	458
445	463
445	466
445	468
445	469
445	471
445	476
446	453
446	455
446	458
446	463
446	466
446	468
446	469
446	471
446	476
447	450
448	449
448	456
448	459
448	461
448	464
448	465
448	467
448	474
449	456
449	459
449	461
449	464
449	465
449	467
449	474
451	454
451	472
451	473
451	478
451	481
451	482
451	485
451	486
451	488
451	491
451	493
451	494
451	495
451	496
451	497
451	499
452	457
452	460
452	462
452	470
452	475
452	477
452	479
452	480
452	483
452	484
452	487
452	489
452	490
452	492
452	498
452	500
453	455
453	458
453	463
453	466
453	468
453	469
453	471
453	476
454	472
454	473
454	478
454	481
454	482
454	485
454	486
454	488
454	491
454	493
454	494
454	495
454	496
454	497
454	499
455	458
455	463
455	466
455	468
455	469
455	471
455	476
456	459
456	461
456	464
456	465
456	467
456	474
457	460
457	462
457	470
457	475
457	477
457	479
457	480
457	483
457	484
457	487
457	489
457	490
457	492
457	498
457	500
458	463
458	466
458	468
458	469
458	471
458	476
459	461
459	464
459	465
459	467
459	474
460	462
460	470
460	475
460	477
460	479
460	480
460	483
460	484
460	487
460	489
460	490
460	492
460	498
460	500
461	464
461	465
461	467
461	474
462	470
462	475
462	477
462	479
462	480
462	483
462	484
462	487
462	489
462	490
462	492
462	498
462	500
463	466
463	468
463	469
463	471
463	476
464	465
464	467
464	474
465	467
465	474
466	468
466	469
466	471
466	476
467	474
468	469
468	471
468	476
469	471
469	476
470	475
470	477
470	479
470	480
470	483
470	484
470	487
470	489
470	490
470	492
470	498
470	500
471	476
472	473
472	478
472	481
472	482
472	485
472	486
472	488
472	491
472	493
472	494
472	495
472	496
472	497
472	499
473	478
473	481
473	482
473	485
473	486
473	488
473	491
473	493
473	494
473	495
473	496
473	497
473	499
475	477
475	479
475	480
475	483
475	484
475	487
475	489
475	490
475	492
475	498
475	500
477	479
477	480
477	483
477	484
477	487
477	489
477	490
477	492
477	498
477	500
478	481
478	482
478	485
478	486
478	488
478	491
478	493
478	494
478	495
478	496
478	497
478	499
479	480
479	483
479	484
479	487
479	489
479	490
479	492
479	498
479	500
480	483
480	484
480	487
480	489
480	490
480	492
480	498
480	500
481	482
481	485
481	486
481	488
481	491
481	493
481	494
481	495
481	496
481	497
481	499
482	485
482	486
482	488
482	491
482	493
482	494
482	495
482	496
482	497
482	499
483	484
483	487
483	489
483	490
483	492
483	498
483	500
484	487
484	489
484	490
484	492
484	498
484	500
485	486
485	488
485	491
485	493
485	494
485	495
485	496
485	497
485	499
486	488
486	491
486	493
486	494
486	495
486	496
486	497
486	499
487	489
487	490
487	492
487	498
487	500
488	491
488	493
488	494
488	495
488	496
488	497
488	499
489	490
489	492
489	498
489	500
490	492
490	498
490	500
491	493
491	494
491	495
491	496
491	497
491	499
492	498
492	500
493	494
493	495
493	496
493	497
493	499
494	495
494	496
494	497
494	499
495	496
495	497
495	499
496	497
496	499
497	499
498	500
2468
1 387
1 393
1 396
1 405
1 412
1 421
2 100
2 110
2 206
2 222
2 257
2 476
3 211
3 234
3 246
3 263
3 320
3 363
4 185
4 228
4 251
4 265
4 268
4 281
5 12
5 301
5 333
5 339
5 383
5 448
6 286
6 334
6 369
6 378
6 384
6 386
7 189
7 216
7 370
7 404
7 408
7 415
8 181
8 211
8 246
8 263
8 320
8 363
9 13
9 292
9 323
9 404
9 408
9 415
10 247
10 289
10 304
10 394
10 397
10 399
11 122
11 135
11 154
11 338
11 381
11 403
12 148
12 261
12 377
12 383
12 448
13 32
13 243
13 341
13 404
13 415
14 17
14 76
14 77
14 105
14 224
14 279
15 89
15 106
15 335
15 361
15 410
15 424
16 40
16 191
16 338
16 381
16 403
16 409
17 74
17 77
17 105
17 224
17 279
18 161
18 183
18 192
18 310
18 359
18 407
19 275
19 326
19 369
19 378
19 384
19 386
20 124
20 344
20 353
20 388
20 398
20 416
21 220
21 225
21 313
21 347
21 358
21 411
22 202
22 221
22 240
22 302
22 476
23 59
23 81
23 87
23 271
23 306
23 349
24 67
24 140
24 258
24 272
24 315
24 330
25 277
25 289
25 304
25 394
25 397
25 399
26 243
26 292
26 323
26 341
26 370
26 404
27 111
27 213
27 313
27 347
27 375
27 411
28 192
28 256
28 317
28 359
28 391
28 407
29 229
29 316
29 379
29 388
29 398
29 416
30 352
30 417
30 419
30 429
30 440
30 447
31 235
31 239
31 255
31 282
31 298
31 329
32 189
32 323
32 404
32 408
32 415
33 53
33 76
33 77
33 105
33 224
33 279
34 51
34 123
34 155
34 172
34 231
34 287
35 400
35 425
35 433
35 434
35 443
35 459
36 143
36 160
36 168
36 196
36 308
36 413
37 80
37 247
37 304
37 394
37 397
37 399
38 146
38 162
38 166
38 191
38 381
38 409
39 108
39 116
39 184
39 208
39 250
39 328
40 135
40 162
40 338
40 403
40 409
41 207
41 273
41 274
41 307
41 366
41 371
42 62
42 190
42 351
42 364
42 374
42 480
43 454
43 485
43 493
43 494
43 495
43 497
44 174
44 230
44 337
44 343
44 367
44 392
45 222
45 240
45 257
45 267
45 302
45 476
46 357
46 414
46 440
46 441
46 450
47 50
47 64
47 142
47 264
47 271
47 365
48 122
48 154
48 338
48 381
48 403
48 409
49 140
49 214
49 258
49 272
49 315
49 330
50 87
50 271
50 306
50 349
50 365
51 94
51 123
51 144
51 231
51 287
52 212
52 238
52 245
52 327
52 350
52 354
53 74
53 77
53 105
53 224
53 279
54 173
54 185
54 251
54 265
54 268
54 281
55 159
55 253
55 284
55 311
55 337
55 392
56 174
56 253
56 311
56 337
56 343
56 392
57 152
57 201
57 266
57 269
57 345
57 362
58 118
58 301
58 339
58 377
58 383
58 448
59 142
59 241
59 271
59 306
59 365
60 245
60 318
60 350
60 354
60 356
60 368
61 163
61 179
61 351
61 364
61 374
61 480
62 179
62 303
62 364
62 374
62 480
63 132
63 158
63 236
63 242
63 278
63 449
64 241
64 264
64 306
64 349
64 365
65 325
65 390
65 418
65 426
65 430
65 439
66 112
66 143
66 147
66 196
66 308
66 413
67 214
67 258
67 272
67 315
67 330
68 218
68 301
68 324
68 339
68 383
68 448
69 112
69 147
69 160
69 168
69 308
69 413
70 139
70 195
70 203
70 239
70 342
70 346
71 75
71 134
71 266
71 269
71 345
71 362
72 83
72 292
72 341
72 370
72 408
72 415
73 149
73 204
73 285
73 295
73 305
73 348
74 76
74 77
74 224
74 279
75 127
75 134
75 266
75 345
75 362
76 105
76 224
76 279
77 279
78 157
78 234
78 246
78 263
78 320
78 363
79 223
79 317
79 359
79 391
79 407
79 500
80 277
80 304
80 394
80 397
80 399
81 241
81 264
81 271
81 349
81 365
82 275
82 326
82 334
82 369
82 384
82 386
83 189
83 216
83 292
83 370
83 408
84 376
84 414
84 437
84 441
84 447
84 450
85 314
85 380
85 423
85 426
85 430
85 439
86 133
86 326
86 334
86 378
86 384
86 386
87 142
87 306
87 349
87 365
88 425
88 427
88 433
88 434
88 443
88 459
89 96
89 262
89 361
89 410
89 424
90 360
90 427
90 428
90 434
90 443
90 459
91 214
91 258
91 272
91 315
91 330
92 453
92 463
92 466
92 468
92 469
92 471
93 190
93 254
93 303
93 364
93 374
93 480
94 141
94 155
94 181
94 231
94 287
95 107
95 145
95 184
95 188
95 250
95 328
96 332
96 335
96 361
96 410
96 424
97 229
97 316
97 322
97 344
97 379
97 416
98 128
98 226
98 321
98 335
98 410
98 424
99 207
99 260
99 274
99 296
99 336
99 371
100 202
100 206
100 257
100 331
100 476
101 487
101 489
101 490
101 492
101 498
101 500
102 372
102 387
102 393
102 405
102 412
102 421
103 453
103 458
103 463
103 466
103 468
103 469
103 471
104 261
104 301
104 324
104 333
104 377
104 383
104 448
105 224
105 279
106 128
106 226
106 321
106 332
106 410
106 424
107 116
107 145
107 184
107 188
107 250
107 328
108 116
108 184
108 208
108 250
108 328
109 161
109 192
109 223
109 310
109 359
109 391
109 407
110 202
110 240
110 267
110 302
110 331
110 476
111 198
111 213
111 347
111 358
111 375
111 411
112 143
112 160
112 168
112 308
112 413
113 167
113 262
113 321
113 332
113 335
113 361
113 424
114 165
114 203
114 217
114 259
114 282
114 342
114 346
115 291
115 325
115 380
115 390
115 418
115 426
115 439
116 145
116 188
116 208
116 328
117 124
117 193
117 316
117 353
117 379
117 398
117 416
118 129
118 218
118 324
118 333
118 339
118 448
119 245
119 293
119 318
119 350
119 354
119 356
119 368
120 420
120 456
120 461
120 464
120 465
120 467
120 474
121 167
121 226
121 332
121 335
121 361
121 410
121 424
122 191
122 338
122 381
122 403
122 409
123 144
123 155
123 172
123 231
123 287
124 316
124 344
124 353
124 388
124 416
125 283
125 372
125 393
125 396
125 405
125 412
125 421
126 431
126 456
126 461
126 464
126 465
126 467
126 474
127 152
127 201
127 266
127 269
127 345
127 362
128 321
128 332
128 335
128 410
128 424
129 148
129 324
129 333
129 339
129 377
129 448
130 219
130 232
130 233
130 249
130 295
130 305
130 348
131 247
131 277
131 289
131 304
131 394
131 397
131 399
132 158
132 236
132 242
132 278
132 449
133 286
133 326
133 369
133 378
133 384
133 386
134 175
134 266
134 269
134 345
134 362
135 146
135 166
135 381
135 403
135 409
136 177
136 260
136 274
136 296
136 336
136 366
136 371
137 221
137 222
137 240
137 257
137 267
137 331
137 476
138 151
138 230
138 253
138 284
138 337
138 367
138 392
139 217
139 235
139 239
139 282
139 342
139 346
140 214
140 258
140 272
140 315
140 330
141 144
141 155
141 172
141 231
141 287
142 241
142 264
142 306
142 365
143 147
143 196
143 308
143 413
144 155
144 172
144 231
144 287
145 188
145 208
145 250
145 328
146 162
146 166
146 381
146 403
146 409
147 196
147 308
147 413
148 218
148 261
148 377
148 383
148 448
149 219
149 233
149 249
149 285
149 295
149 348
150 325
150 380
150 418
150 423
150 426
150 430
150 439
151 159
151 284
151 337
151 343
151 367
151 392
152 175
152 201
152 269
152 345
152 362
153 380
153 390
153 418
153 423
153 426
153 430
153 439
154 162
154 338
154 381
154 403
154 409
155 172
155 287
156 395
156 400
156 425
156 428
156 433
156 434
156 459
157 211
157 234
157 246
157 263
157 320
157 363
158 236
158 242
158 278
158 449
159 174
159 253
159 337
159 367
159 392
160 168
160 196
160 308
160 413
161 256
161 310
161 359
161 391
161 407
162 338
162 403
162 409
163 176
163 254
163 351
163 364
163 374
163 480
164 204
164 219
164 232
164 285
164 295
164 305
164 348
165 195
165 217
165 259
165 298
165 329
165 346
166 191
166 381
166 403
166 409
167 226
167 262
167 321
167 361
167 424
168 196
168 308
168 413
169 360
169 395
169 427
169 428
169 433
169 443
169 459
170 247
170 277
170 289
170 304
170 394
170 397
170 399
171 484
171 487
171 489
171 490
171 492
171 498
171 500
172 231
172 287
173 178
173 228
173 251
173 265
173 268
173 281
174 311
174 343
174 367
174 392
175 201
175 266
175 269
175 345
175 362
176 254
176 303
176 351
176 364
176 374
176 480
177 215
177 273
177 296
177 307
177 336
177 366
178 185
178 228
178 251
178 265
178 268
178 281
179 303
179 351
179 364
179 374
179 480
180 207
180 273
180 296
180 307
180 336
180 366
180 371
181 211
181 263
181 320
181 363
182 291
182 373
182 390
182 423
182 426
182 430
182 439
183 194
183 310
183 317
183 359
183 391
183 407
184 188
184 208
184 250
184 328
185 228
185 251
185 265
185 268
185 281
186 477
186 484
186 487
186 489
186 490
186 492
186 498
186 500
187 290
187 425
187 427
187 428
187 433
187 434
187 443
187 459
188 208
188 250
188 328
189 233
189 341
189 404
189 408
189 415
190 254
190 303
190 351
190 364
190 374
190 480
191 338
191 381
191 403
191 409
192 194
192 223
192 256
192 391
192 407
193 205
193 322
193 344
193 353
193 388
193 398
193 416
194 256
194 310
194 317
194 359
194 391
194 407
195 203
195 255
195 259
195 298
195 329
195 342
196 308
196 413
197 451
197 472
197 473
197 478
197 486
197 491
197 496
197 499
198 213
198 300
198 313
198 347
198 358
198 375
198 411
199 275
199 286
199 326
199 334
199 369
199 378
199 384
199 386
200 420
200 431
200 456
200 461
200 464
200 465
200 467
200 474
201 266
201 269
201 345
201 362
202 240
202 267
202 302
202 331
202 476
203 235
203 239
203 259
203 298
203 329
204 233
204 249
204 285
204 295
204 305
204 348
205 316
205 344
205 353
205 379
205 388
205 398
205 416
206 221
206 222
206 240
206 302
206 331
206 476
207 273
207 274
207 296
207 307
207 336
208 250
208 328
209 212
209 238
209 318
209 327
209 350
209 354
209 356
209 368
210 414
210 417
210 419
210 429
210 437
210 440
210 447
210 450
211 234
211 246
211 320
211 363
212 293
212 318
212 327
212 354
212 356
212 368
213 270
213 300
213 358
213 375
213 411
214 258
214 272
214 315
214 330
215 260
215 273
215 274
215 307
215 336
215 366
215 371
216 323
216 341
216 370
216 404
216 408
216 415
217 235
217 255
217 329
217 342
217 346
218 301
218 339
218 377
218 448
219 232
219 249
219 295
219 305
219 348
220 270
220 300
220 313
220 347
220 358
220 375
220 411
221 222
221 257
221 267
221 331
221 476
222 302
222 331
222 476
223 256
223 317
223 359
223 391
223 407
224 279
225 270
225 300
225 313
225 347
225 358
225 375
225 411
226 262
226 321
226 332
226 410
227 451
227 454
227 478
227 482
227 485
227 488
227 493
227 497
228 251
228 265
228 268
228 281
229 322
229 353
229 379
229 388
229 398
229 416
230 284
230 311
230 337
230 343
230 367
230 392
231 287
232 233
232 249
232 285
232 305
232 348
233 285
233 295
233 348
234 246
234 263
234 320
234 363
235 239
235 282
235 298
235 342
236 242
236 278
236 449
237 472
237 481
237 485
237 486
237 488
237 491
237 495
237 496
237 499
238 245
238 293
238 327
238 350
238 356
238 368
239 259
239 282
239 329
239 346
240 257
240 302
240 476
241 264
241 271
241 306
241 349
241 365
242 278
242 449
243 292
243 323
243 341
243 370
243 404
243 408
243 415
244 382
244 417
244 419
244 429
244 437
244 440
244 441
244 447
244 450
245 293
245 327
245 354
245 356
245 368
246 263
246 320
246 363
247 277
247 289
247 394
247 397
247 399
248 276
248 319
248 340
248 387
248 393
248 396
248 405
248 412
248 421
249 285
249 295
249 305
249 348
250 328
251 265
251 268
251 281
252 376
252 417
252 419
252 429
252 437
252 440
252 441
252 447
252 450
253 284
253 311
253 343
253 367
253 392
254 303
254 351
254 364
254 374
254 480
255 259
255 282
255 298
255 329
255 342
255 346
256 310
256 317
256 391
256 407
257 267
257 331
257 476
258 272
258 315
258 330
259 282
259 329
259 346
260 274
260 307
260 336
260 366
260 371
261 324
261 333
261 339
261 377
261 383
261 448
262 332
262 335
262 361
262 410
262 424
263 320
263 363
264 271
264 306
264 349
264 365
265 268
265 281
266 345
266 362
267 302
267 331
267 476
268 281
269 345
269 362
270 300
270 313
270 347
270 358
270 375
270 411
271 349
271 365
272 315
272 330
273 274
273 296
273 366
273 371
274 366
274 371
275 286
275 334
275 369
275 378
275 384
275 386
276 283
276 294
276 319
276 372
276 396
276 405
276 412
276 421
277 289
277 394
277 397
277 399
278 449
280 420
280 422
280 431
280 456
280 461
280 464
280 465
280 467
280 474
282 298
282 342
283 294
283 340
283 387
283 393
283 396
283 405
283 412
283 421
284 311
284 337
284 343
284 367
284 392
285 295
285 305
285 348
286 326
286 334
286 369
286 378
286 384
286 386
288 406
288 420
288 422
288 431
288 456
288 461
288 464
288 465
288 467
288 474
289 304
289 394
289 397
289 399
290 395
290 400
290 425
290 427
290 428
290 433
290 434
290 443
290 459
291 312
291 314
291 325
291 373
291 418
291 423
291 430
291 439
292 323
292 370
292 404
292 408
292 415
293 318
293 327
293 350
293 354
293 356
293 368
294 319
294 340
294 372
294 387
294 393
294 396
294 412
294 421
295 305
296 307
296 336
296 366
296 371
297 360
297 395
297 400
297 425
297 427
297 428
297 433
297 434
297 443
297 459
298 329
298 342
298 346
299 432
299 446
299 453
299 455
299 458
299 463
299 466
299 468
299 469
299 471
300 313
300 347
300 358
300 375
300 411
301 324
301 333
301 377
301 383
301 448
302 331
302 476
303 351
303 364
303 374
303 480
304 394
304 397
304 399
305 348
306 349
306 365
307 336
307 366
307 371
308 413
309 406
309 420
309 422
309 431
309 456
309 461
309 464
309 465
309 467
309 474
310 317
310 359
310 391
310 407
311 337
311 343
311 367
311 392
312 325
312 373
312 380
312 390
312 418
312 423
312 426
312 430
312 439
313 358
313 375
313 411
314 325
314 373
314 390
314 418
314 423
314 426
314 430
314 439
315 330
316 322
316 379
316 388
316 398
316 416
317 359
317 391
317 407
318 327
318 350
318 354
318 356
318 368
319 340
319 372
319 387
319 393
319 405
319 412
319 421
320 363
321 332
321 335
321 361
321 410
321 424
322 344
322 349
322 353
322 379
322 388
322 398
322 416
323 341
323 370
323 404
323 408
323 415
324 333
324 339
324 377
324 383
324 448
325 373
325 390
325 418
325 423
325 439
326 334
326 369
326 378
326 384
326 386
327 350
327 354
327 356
327 368
329 342
329 346
331 476
332 361
332 410
332 424
333 339
333 377
333 383
333 448
334 369
334 378
334 384
334 386
335 361
335 410
335 424
336 366
336 371
337 343
337 367
338 381
338 403
338 409
339 383
339 448
340 372
340 387
340 393
340 396
340 405
340 412
340 421
341 370
341 404
341 408
341 415
342 346
343 367
343 392
344 353
344 379
344 388
344 398
344 416
345 362
347 358
347 375
347 411
349 365
350 354
350 356
350 368
351 364
351 374
351 480
352 357
352 382
352 414
352 417
352 419
352 429
352 437
352 440
352 441
352 447
352 450
353 379
353 388
353 398
353 416
354 356
354 368
355 406
355 420
355 422
355 431
355 456
355 461
355 464
355 465
355 467
355 474
356 368
357 376
357 382
357 414
357 417
357 419
357 429
357 437
357 441
357 447
357 450
358 375
358 411
359 391
359 407
360 395
360 400
360 425
360 427
360 428
360 433
360 434
360 443
360 459
361 410
361 424
364 480
366 371
367 392
369 378
369 384
369 386
370 404
370 408
370 415
372 387
372 393
372 396
372 405
372 412
372 421
373 380
373 390
373 418
373 423
373 426
373 430
373 439
374 480
375 411
376 382
376 414
376 417
376 429
376 437
376 440
376 441
376 447
376 450
377 383
377 448
378 384
378 386
379 388
379 398
379 416
380 390
380 418
380 423
380 426
380 430
380 439
380 475
381 403
381 409
382 414
382 417
382 419
382 429
382 437
382 440
382 441
382 447
382 450
383 448
384 386
385 389
385 454
385 478
385 485
385 486
385 488
385 491
385 493
385 494
385 495
385 496
385 497
385 499
387 393
387 396
387 405
387 412
387 421
388 398
388 416
389 442
389 473
389 481
389 482
389 488
389 491
389 493
389 494
389 495
389 496
389 497
389 499
390 418
390 423
390 426
390 430
391 407
393 396
393 405
393 421
394 397
394 399
395 400
395 425
395 427
395 428
395 433
395 434
395 443
395 459
396 405
396 412
396 421
397 399
398 416
400 425
400 427
400 428
400 433
400 434
400 443
400 459
401 402
401 432
401 435
401 438
401 445
401 446
401 453
401 455
401 458
401 463
401 466
401 468
401 469
401 471
402 432
402 435
402 438
402 445
402 446
402 453
402 455
402 458
402 463
402 466
402 468
402 469
402 471
403 409
404 408
404 415
405 412
405 421
406 420
406 422
406 431
406 456
406 461
406 464
406 465
406 467
406 474
408 415
410 424
412 421
414 417
414 419
414 429
414 437
414 440
414 441
414 450
417 419
417 437
417 440
417 441
417 447
417 450
418 423
418 426
418 430
418 439
419 429
419 437
419 440
419 441
419 447
419 450
420 422
420 431
420 456
420 461
420 464
420 465
420 467
420 474
422 431
422 456
422 461
422 464
422 465
422 467
422 474
423 426
423 430
423 439
425 427
425 428
425 433
425 434
425 443
425 459
426 430
426 439
427 428
427 433
427 434
427 443
427 459
428 433
428 434
428 443
428 459
429 437
429 440
429 441
429 447
429 450
430 439
431 456
431 461
431 464
431 465
431 467
431 474
432 435
432 438
432 445
432 446
432 453
432 455
432 458
432 463
432 466
432 468
432 469
432 471
433 434
433 443
433 459
434 443
434 459
435 438
435 445
435 446
435 453
435 455
435 458
435 463
435 466
435 468
435 469
435 471
436 452
436 457
436 460
436 462
436 470
436 475
436 477
436 479
436 483
436 484
436 487
436 489
436 490
436 492
436 498
436 500
437 440
437 441
437 447
437 450
438 445
438 446
438 453
438 455
438 458
438 463
438 466
438 468
438 469
438 471
440 441
440 447
440 450
441 447
441 450
442 451
442 454
442 472
442 473
442 478
442 481
442 482
442 485
442 486
442 488
442 493
442 494
442 495
442 496
442 499
443 459
444 452
444 457
444 460
444 462
444 470
444 475
444 477
444 479
444 483
444 484
444 487
444 489
444 490
444 492
444 498
444 500
445 446
445 453
445 455
445 458
445 463
445 466
445 468
445 469
445 471
446 453
446 455
446 458
446 463
446 466
446 468
446 469
446 471
447 450
451 454
451 472
451 473
451 478
451 481
451 482
451 485
451 486
451 488
451 491
451 493
451 494
451 495
451 497
452 457
452 460
452 462
452 470
452 475
452 477
452 479
452 483
452 484
452 487
452 489
452 490
452 492
452 498
452 500
453 455
453 458
453 463
453 466
453 468
453 469
453 471
454 473
454 481
454 482
454 486
454 488
454 491
454 493
454 494
454 495
454 496
454 497
454 499
455 458
455 463
455 466
455 468
455 469
455 471
456 461
456 464
456 465
456 467
456 474
457 460
457 462
457 470
457 475
457 477
457 479
457 483
457 484
457 487
457 489
457 490
457 492
457 498
457 500
458 463
458 466
458 468
458 469
458 471
460 462
460 470
460 475
460 477
460 479
460 483
460 484
460 487
460 489
460 490
460 492
460 498
460 500
461 464
461 465
461 467
461 474
462 470
462 475
462 477
462 479
462 483
462 484
462 487
462 489
462 490
462 492
462 498
462 500
463 466
463 468
463 469
463 471
464 465
464 467
464 474
465 467
465 474
466 468
466 469
466 471
467 474
468 469
468 471
469 471
470 475
470 477
470 479
470 483
470 484
470 487
470 489
470 490
470 492
470 498
470 500
472 473
472 478
472 481
472 482
472 485
472 486
472 488
472 491
472 493
472 494
472 495
472 496
472 497
472 499
473 478
473 481
473 482
473 485
473 486
473 488
473 491
473 494
473 495
473 496
473 497
473 499
475 477
475 479
475 483
475 484
475 487
475 489
475 490
475 492
475 498
475 500
477 479
477 483
477 484
477 487
477 489
477 490
477 492
477 498
477 500
478 481
478 482
478 485
478 486
478 488
478 491
478 493
478 494
478 495
478 496
478 497
478 499
479 483
479 484
479 487
479 489
479 490
479 492
479 498
479 500
481 482
481 485
481 486
481 488
481 491
481 493
481 494
481 495
481 496
481 497
481 499
482 485
482 486
482 488
482 491
482 493
482 494
482 495
482 496
482 497
482 499
483 484
483 487
483 489
483 490
483 492
483 498
483 500
484 487
484 489
484 490
484 492
484 498
484 500
485 488
485 491
485 493
485 494
485 495
485 496
485 497
485 499
486 488
486 491
486 493
486 494
486 495
486 496
486 497
486 499
487 489
487 490
487 492
487 498
487 500
488 491
488 493
488 494
488 496
488 497
488 499
489 490
489 492
489 498
489 500
490 492
490 498
490 500
491 493
491 494
491 495
491 496
491 497
491 499
492 498
492 500
493 494
493 495
493 496
493 497
493 499
494 495
494 496
494 497
494 499
495 496
495 497
495 499
496 497
496 499
497 499
498 500
2451
1 276
1 372
1 393
1 396
1 405
1 421
2 13
2 143
2 240
2 257
2 267
2 476
3 8
3 211
3 234
3 246
3 263
3 363
4 54
4 185
4 251
4 254
4 265
4 268
5 333
5 339
5 383
5 412
5 418
5 448
6 275
6 326
6 369
6 378
6 384
6 386
7 26
7 292
7 341
7 370
7 404
7 408
8 211
8 246
8 263
8 363
9 243
9 323
9 370
9 404
9 408
9 415
10 25
10 37
10 247
10 394
10 397
10 399
11 420
11 422
11 456
11 461
11 464
11 467
12 372
12 387
12 393
12 396
12 405
12 421
13 100
13 221
13 302
13 331
13 476
14 102
14 248
14 319
14 393
14 405
15 96
15 113
15 321
15 335
15 410
15 424
16 135
16 146
16 166
16 381
16 403
16 409
17 33
17 53
17 74
17 105
17 183
17 224
18 194
18 310
18 317
18 359
18 391
18 407
19 80
19 131
19 170
19 394
19 397
19 399
20 272
20 322
20 344
20 379
20 388
20 416
21 213
21 270
21 358
21 375
21 411
21 438
22 100
22 240
22 257
22 302
22 304
22 476
23 127
23 152
23 175
23 186
23 345
23 362
24 140
24 214
24 258
24 287
24 315
24 330
25 131
25 277
25 394
25 397
25 399
26 323
26 341
26 370
26 404
26 415
27 220
27 347
27 358
27 375
27 411
27 438
28 223
28 310
28 317
28 359
28 391
28 407
29 193
29 229
29 322
29 344
29 353
29 416
30 382
30 414
30 417
30 437
30 441
30 450
31 114
31 165
31 195
31 203
31 329
31 346
32 189
32 216
32 292
32 352
32 404
32 415
33 53
33 74
33 105
33 183
33 224
34 51
34 123
34 144
34 155
34 231
34 349
35 395
35 427
35 428
35 433
35 434
35 459
36 69
36 147
36 196
36 264
36 308
36 413
37 247
37 277
37 394
37 397
37 399
38 122
38 154
38 367
38 381
38 403
38 409
39 108
39 116
39 145
39 250
39 328
39 398
40 162
40 338
40 367
40 381
40 403
40 409
41 260
41 274
41 307
41 327
41 366
41 371
42 179
42 190
42 289
42 351
42 364
42 480
43 451
43 472
43 482
43 485
43 495
43 497
44 151
44 174
44 253
44 311
44 343
44 392
45 191
45 202
45 240
45 257
45 476
46 417
46 437
46 440
46 441
46 447
46 450
47 122
47 146
47 338
47 367
47 381
47 409
48 162
48 338
48 367
48 381
48 403
48 409
49 67
49 214
49 258
49 287
49 315
49 330
50 59
50 64
50 87
50 241
50 271
50 306
51 123
51 144
51 155
51 231
51 349
52 318
52 350
52 354
52 356
52 368
52 377
53 74
53 105
53 183
53 224
54 251
54 254
54 265
54 268
54 281
55 56
55 138
55 139
55 311
55 337
55 392
56 110
56 230
56 337
56 343
56 392
57 164
57 204
57 249
57 305
57 340
57 365
58 68
58 148
58 324
58 412
58 418
58 448
59 64
59 87
59 241
59 271
59 306
60 238
60 293
60 318
60 354
60 356
60 368
61 289
61 303
61 320
61 364
61 374
61 480
62 176
62 289
62 320
62 364
62 374
62 480
63 170
63 247
63 277
63 394
63 397
63 399
64 87
64 241
64 271
64 306
65 291
65 390
65 423
65 426
65 430
65 439
66 69
66 160
66 178
66 264
66 308
66 413
67 140
67 258
67 287
67 315
67 330
68 324
68 333
68 383
68 412
68 448
69 160
69 178
69 308
69 413
70 235
70 239
70 282
70 329
70 342
70 346
71 127
71 134
71 175
71 266
71 345
71 362
72 189
72 216
72 341
72 408
72 415
73 149
73 232
73 285
73 305
73 340
73 348
74 105
74 183
74 224
75 127
75 152
75 186
75 266
75 345
75 362
76 406
76 431
76 461
76 465
76 467
76 474
77 147
77 168
77 178
77 264
77 308
77 413
78 157
78 181
78 234
78 246
78 263
78 363
79 192
79 310
79 317
79 359
79 391
79 407
80 131
80 172
80 394
80 397
80 399
81 261
81 284
81 383
81 418
81 448
82 275
82 326
82 334
82 378
82 384
82 386
83 189
83 292
83 352
83 404
83 408
83 415
84 355
84 456
84 464
84 465
84 467
84 474
85 312
85 325
85 423
85 426
85 430
85 439
86 199
86 286
86 369
86 378
86 384
86 386
87 241
87 271
87 306
88 360
88 425
88 427
88 433
88 443
88 459
89 226
89 321
89 332
89 361
89 410
89 424
90 425
90 427
90 433
90 434
90 443
90 459
91 140
91 214
91 258
91 287
91 315
91 330
92 453
92 463
92 466
92 468
92 469
92 471
93 190
93 320
93 351
93 374
93 480
94 123
94 144
94 155
94 231
94 349
95 108
95 184
95 188
95 208
95 328
95 398
96 106
96 262
96 332
96 410
96 424
97 117
97 124
97 269
97 272
97 316
97 416
98 121
98 128
98 262
98 361
98 410
98 424
99 273
99 296
99 307
99 336
99 366
99 371
100 221
100 222
100 304
100 476
101 487
101 489
101 490
101 492
101 498
101 500
102 276
102 319
102 387
102 396
102 421
103 453
103 458
103 463
103 466
103 468
103 469
103 471
104 118
104 218
104 324
104 383
104 412
104 418
104 448
105 183
105 224
106 167
106 262
106 332
106 335
106 361
106 424
107 109
107 116
107 145
107 188
107 328
107 398
108 109
108 208
108 250
108 328
108 398
109 145
109 184
109 188
109 208
109 398
110 159
110 230
110 253
110 311
110 343
111 220
111 313
111 347
111 358
111 375
111 411
111 438
112 143
112 147
112 160
112 196
112 308
112 413
113 121
113 128
113 321
113 335
113 361
113 410
114 255
114 298
114 301
114 329
114 342
114 346
115 150
115 373
115 380
115 423
115 426
115 430
115 439
116 184
116 188
116 250
116 328
116 398
117 269
117 272
117 353
117 379
117 388
117 416
118 284
118 324
118 339
118 383
118 418
118 448
119 236
119 245
119 293
119 318
119 350
119 354
119 377
120 420
120 431
120 461
120 464
120 465
120 474
121 321
121 335
121 361
121 410
121 424
122 162
122 166
122 381
122 403
122 409
123 144
123 155
123 231
123 349
124 205
124 316
124 344
124 353
124 379
124 388
125 283
125 294
125 372
125 387
125 396
125 405
125 421
126 422
126 456
126 461
126 464
126 465
126 467
126 474
127 134
127 266
127 345
127 362
128 167
128 226
128 321
128 410
128 424
129 148
129 324
129 333
129 383
129 412
129 418
129 448
130 219
130 249
130 285
130 295
130 340
130 348
130 365
131 247
131 394
131 397
131 399
132 158
132 242
132 278
132 279
132 449
133 199
133 286
133 334
133 369
133 378
133 384
133 386
134 186
134 266
134 345
134 362
135 146
135 162
135 338
135 367
135 403
135 409
136 177
136 180
136 274
136 296
136 307
136 336
136 371
137 191
137 206
137 222
137 257
137 267
137 302
137 476
138 151
138 230
138 253
138 311
138 337
138 392
139 151
139 159
139 174
139 253
139 343
139 392
140 258
140 287
140 315
140 330
141 173
141 185
141 251
141 254
141 265
141 268
141 281
142 159
142 174
142 230
142 253
142 337
142 343
142 392
143 168
143 178
143 196
143 308
143 413
144 155
144 231
144 349
145 208
145 250
145 328
145 398
146 367
146 381
146 403
146 409
147 160
147 168
147 264
147 413
148 324
148 339
148 383
148 412
148 448
149 163
149 164
149 214
149 305
149 340
149 365
150 153
150 314
150 325
150 373
150 423
150 439
151 230
151 311
151 337
151 392
152 175
152 186
152 266
152 345
152 362
153 380
153 390
153 423
153 426
153 430
153 439
154 166
154 338
154 367
154 381
154 403
154 409
155 231
155 349
156 360
156 400
156 425
156 428
156 434
156 443
156 459
157 181
157 211
157 234
157 246
157 263
157 363
158 242
158 278
158 279
158 449
159 253
159 311
159 343
159 392
160 196
160 264
160 413
161 194
161 223
161 310
161 317
161 359
161 391
161 407
162 338
162 403
162 409
163 219
163 285
163 295
163 305
163 340
163 365
164 219
164 232
164 233
164 285
164 348
165 239
165 255
165 259
165 298
165 301
165 342
166 338
166 367
166 381
166 403
167 262
167 332
167 335
167 361
167 424
168 178
168 264
168 308
168 413
169 395
169 427
169 428
169 433
169 434
169 443
169 459
170 172
170 277
170 394
170 397
170 399
171 484
171 487
171 489
171 490
171 492
171 498
171 500
172 247
172 277
172 394
172 397
172 399
173 185
173 251
173 254
173 265
173 268
173 281
174 230
174 337
174 343
174 392
175 186
175 266
175 345
175 362
176 303
176 320
176 351
176 364
176 374
176 480
177 207
177 215
177 260
177 273
177 296
177 327
178 196
178 413
179 303
179 320
179 351
179 364
179 374
179 480
180 273
180 274
180 296
180 327
180 366
180 371
181 211
181 234
181 246
181 263
181 363
182 291
182 312
182 380
182 390
182 426
182 430
182 439
183 224
184 188
184 208
184 250
184 328
184 398
185 251
185 254
185 265
185 268
185 281
186 266
186 345
186 362
187 400
187 425
187 427
187 428
187 433
187 434
187 443
187 459
188 250
188 328
188 398
189 323
189 352
189 370
189 404
189 408
190 289
190 303
190 351
190 364
190 374
190 480
191 222
191 267
191 302
191 304
191 331
191 476
192 194
192 223
192 310
192 317
192 359
192 391
192 407
193 229
193 322
193 344
193 353
193 379
193 388
193 416
194 310
194 317
194 359
194 391
194 407
195 203
195 235
195 282
195 298
195 301
195 342
195 346
196 264
196 308
196 413
197 454
197 473
197 478
197 488
197 491
197 494
197 496
197 499
198 213
198 225
198 300
198 313
198 347
198 358
198 411
198 438
199 326
199 334
199 369
199 378
199 384
199 386
200 406
200 420
200 456
200 461
200 464
200 465
200 467
200 474
201 276
201 283
201 319
201 372
201 393
201 396
201 405
201 421
202 206
202 221
202 222
202 240
202 304
202 331
202 476
203 217
203 239
203 301
203 329
203 342
203 346
204 232
204 233
204 249
204 285
204 295
204 305
204 348
205 269
205 272
205 316
205 322
205 353
205 379
205 416
206 257
206 267
206 302
206 304
206 331
206 476
207 215
207 260
207 273
207 327
207 336
207 366
207 371
208 250
208 328
208 398
209 238
209 245
209 293
209 318
209 350
209 356
209 368
209 377
210 414
210 419
210 429
210 437
210 440
210 441
210 447
210 450
211 234
211 246
211 263
211 363
212 245
212 293
212 318
212 350
212 354
212 356
212 368
212 377
213 300
213 313
213 347
213 375
213 411
213 438
214 258
214 287
214 315
214 330
215 273
215 274
215 296
215 327
215 336
215 371
216 292
216 352
216 370
216 404
216 408
216 415
217 239
217 255
217 282
217 298
217 301
217 329
217 346
218 261
218 284
218 333
218 339
218 412
218 418
218 448
219 249
219 295
219 305
219 340
219 365
220 270
220 300
220 358
220 375
220 411
220 438
221 222
221 257
221 302
221 331
221 476
222 304
222 331
222 476
223 310
223 317
223 359
223 391
223 407
225 270
225 300
225 347
225 358
225 375
225 411
225 438
226 321
226 332
226 335
226 361
226 410
226 424
227 451
227 472
227 481
227 485
227 486
227 488
227 493
227 494
228 275
228 286
228 326
228 334
228 369
228 378
228 384
228 386
229 322
229 344
229 353
229 379
229 388
229 416
230 311
230 337
231 349
232 249
232 295
232 340
232 348
232 365
233 285
233 295
233 305
233 340
233 348
233 365
234 246
234 263
234 363
235 239
235 259
235 282
235 298
235 342
235 346
236 238
236 245
236 350
236 354
236 356
236 368
236 377
237 482
237 485
237 488
237 493
237 494
237 495
237 496
237 497
237 499
238 293
238 318
238 350
238 356
238 368
238 377
239 259
239 282
239 298
239 346
240 257
240 267
240 304
240 331
240 476
241 271
241 306
242 278
242 279
242 449
243 292
243 323
243 341
243 352
243 370
243 404
243 408
243 415
244 357
244 376
244 417
244 419
244 429
244 440
244 441
244 447
244 450
245 293
245 350
245 354
245 368
245 377
246 263
246 363
247 277
247 394
247 397
247 399
248 294
248 319
248 372
248 387
248 393
248 396
248 405
248 421
249 285
249 305
249 348
249 365
250 328
250 398
251 254
251 265
251 268
251 281
252 376
252 382
252 419
252 429
252 437
252 440
252 441
252 447
252 450
253 337
253 343
253 392
254 265
254 268
254 281
255 259
255 301
255 329
255 342
255 346
256 382
256 414
256 417
256 419
256 429
256 437
256 440
256 447
256 450
257 302
257 476
258 287
258 315
258 330
259 282
259 298
259 301
259 342
259 346
260 274
260 307
260 327
260 336
260 366
260 371
261 284
261 324
261 333
261 339
261 412
261 418
261 448
262 321
262 332
262 361
262 410
262 424
263 363
264 308
264 413
265 268
265 281
266 345
266 362
267 302
267 304
267 331
267 476
268 281
269 272
269 344
269 353
269 379
269 388
269 416
270 313
270 347
270 358
270 375
270 411
270 438
271 306
272 316
272 344
272 388
272 416
273 274
273 307
273 327
273 366
274 296
274 336
274 366
275 286
275 326
275 334
275 369
275 384
275 386
276 294
276 319
276 387
276 393
276 405
276 421
277 394
277 397
277 399
278 279
278 449
279 449
280 406
280 422
280 431
280 456
280 461
280 464
280 465
280 467
280 474
281 313
282 298
282 301
282 329
283 294
283 319
283 372
283 387
283 393
283 396
283 405
283 421
284 333
284 339
284 383
284 412
284 418
284 448
285 295
285 340
285 365
286 326
286 334
286 369
286 378
286 384
286 386
287 315
287 330
288 406
288 420
288 422
288 431
288 456
288 461
288 464
288 465
288 467
288 474
289 303
289 320
289 351
289 364
289 374
289 480
290 360
290 395
290 400
290 425
290 427
290 428
290 433
290 434
290 443
290 459
291 325
291 373
291 380
291 390
291 423
291 426
291 430
291 439
292 323
292 341
292 352
292 408
292 415
293 354
293 356
293 368
293 377
294 372
294 387
294 393
294 396
294 405
294 421
295 305
295 348
295 365
296 307
296 336
296 366
296 371
297 360
297 395
297 400
297 425
297 427
297 428
297 433
297 434
297 443
297 459
298 329
298 342
299 432
299 446
299 453
299 455
299 458
299 463
299 466
299 468
299 469
299 471
300 313
300 347
300 358
300 375
300 411
300 438
301 329
301 342
302 331
302 476
303 320
303 351
303 364
303 374
303 480
304 331
304 476
305 348
307 327
307 336
307 366
307 371
308 413
309 355
309 420
309 422
309 431
309 456
309 461
309 464
309 465
309 467
309 474
310 359
310 391
310 407
311 337
311 343
311 392
312 314
312 373
312 380
312 390
312 423
312 426
312 430
312 439
313 347
313 358
313 411
313 438
314 325
314 373
314 380
314 390
314 423
314 426
314 430
314 439
315 330
316 322
316 344
316 353
316 379
316 388
316 416
317 359
317 391
317 407
318 354
318 356
318 368
318 377
319 372
319 387
319 405
319 421
320 351
320 364
320 374
320 480
321 332
321 335
321 410
321 424
322 344
322 353
322 379
322 388
322 416
323 341
323 352
323 370
323 404
323 408
323 415
324 383
324 412
324 418
324 448
325 373
325 380
325 390
325 423
325 426
325 430
325 439
326 334
326 369
326 378
326 384
326 386
327 336
327 366
327 371
328 398
329 342
329 346
331 476
332 335
332 361
332 410
332 424
333 339
333 383
333 412
333 418
333 448
334 369
334 378
334 384
334 386
335 361
335 410
335 424
336 366
336 371
337 343
337 392
338 367
338 381
338 403
338 409
339 383
339 412
339 418
339 448
340 348
340 365
341 352
341 370
341 404
341 408
341 415
343 392
344 388
344 416
345 362
347 375
347 411
347 438
348 365
350 354
350 356
350 368
350 377
351 364
351 374
351 480
352 370
352 404
352 408
352 415
353 379
353 388
353 416
354 356
354 368
354 377
355 406
355 420
355 422
355 431
355 456
355 461
355 464
355 465
355 467
355 474
356 368
356 377
357 376
357 382
357 414
357 417
357 419
357 429
357 437
357 440
357 441
357 447
357 450
358 375
358 411
358 438
359 391
359 407
360 395
360 400
360 425
360 428
360 433
360 434
360 443
360 459
361 410
361 424
364 374
364 480
366 371
367 381
367 403
367 409
369 378
369 384
369 386
370 404
370 408
370 415
372 387
372 393
372 396
372 421
373 380
373 390
373 423
373 426
373 430
373 439
374 480
375 411
375 438
376 414
376 417
376 419
376 429
376 437
376 440
376 441
376 447
376 450
378 384
378 386
379 388
379 416
380 390
380 423
380 426
380 430
380 439
381 403
381 409
382 414
382 417
382 419
382 429
382 437
382 440
382 441
382 447
382 450
383 418
383 448
384 386
385 389
385 478
385 481
385 482
385 486
385 488
385 491
385 493
385 494
385 495
385 496
385 497
385 499
387 393
387 396
387 405
387 421
388 416
389 442
389 454
389 473
389 481
389 488
389 491
389 493
389 494
389 495
389 496
389 497
389 499
390 423
390 426
390 430
390 439
391 407
393 396
393 405
393 421
394 397
394 399
395 400
395 425
395 427
395 428
395 433
395 434
395 443
395 459
396 405
396 421
397 399
400 425
400 427
400 428
400 433
400 434
400 443
400 459
401 402
401 432
401 435
401 445
401 446
401 453
401 455
401 458
401 463
401 466
401 468
401 469
401 471
402 432
402 435
402 445
402 446
402 453
402 455
402 458
402 463
402 466
402 468
402 469
402 471
403 409
404 408
404 415
405 421
406 420
406 422
406 431
406 456
406 461
406 464
406 465
406 467
406 474
408 415
410 424
411 438
412 418
412 448
414 417
414 419
414 429
414 437
414 440
414 441
414 447
414 450
417 419
417 429
417 437
417 440
417 441
417 447
417 450
418 448
419 429
419 437
419 440
419 441
419 447
419 450
420 422
420 431
420 456
420 461
420 464
420 465
420 467
420 474
422 431
422 456
422 461
422 464
422 465
422 467
422 474
423 426
423 430
423 439
425 427
425 428
425 433
425 434
425 443
425 459
426 430
426 439
427 428
427 433
427 434
427 443
427 459
428 433
428 434
428 443
428 459
429 437
429 440
429 441
429 447
429 450
430 439
431 456
431 461
431 464
431 465
431 467
431 474
432 435
432 445
432 446
432 453
432 455
432 458
432 463
432 466
432 468
432 469
432 471
433 434
433 443
433 459
434 443
434 459
435 445
435 446
435 453
435 455
435 458
435 463
435 466
435 468
435 469
435 471
436 452
436 457
436 460
436 462
436 470
436 475
436 477
436 479
436 483
436 484
436 487
436 489
436 490
436 492
436 498
436 500
437 440
437 441
437 447
437 450
440 441
440 447
440 450
441 447
441 450
442 451
442 454
442 472
442 473
442 478
442 481
442 482
442 485
442 486
442 488
442 491
442 495
442 496
442 497
442 499
443 459
444 452
444 457
444 460
444 462
444 470
444 475
444 477
444 479
444 483
444 484
444 487
444 489
444 490
444 492
444 498
444 500
445 446
445 453
445 455
445 458
445 463
445 466
445 468
445 469
445 471
446 453
446 455
446 458
446 463
446 466
446 468
446 469
446 471
447 450
451 472
451 473
451 478
451 481
451 482
451 485
451 486
451 488
451 491
451 493
451 494
451 495
451 496
451 497
452 457
452 460
452 462
452 470
452 475
452 477
452 479
452 483
452 484
452 487
452 489
452 490
452 492
452 498
452 500
453 455
453 458
453 463
453 466
453 468
453 469
453 471
454 472
454 473
454 478
454 481
454 485
454 486
454 488
454 491
454 493
454 494
454 495
454 496
454 497
454 499
455 458
455 463
455 466
455 468
455 469
455 471
456 461
456 464
456 465
456 467
456 474
457 460
457 462
457 470
457 475
457 477
457 479
457 483
457 484
457 487
457 489
457 490
457 492
457 498
457 500
458 463
458 466
458 468
458 469
458 471
460 462
460 470
460 475
460 477
460 479
460 483
460 484
460 487
460 489
460 490
460 492
460 498
460 500
461 464
461 465
461 467
461 474
462 470
462 475
462 477
462 479
462 483
462 484
462 487
462 489
462 490
462 492
462 498
462 500
463 466
463 468
463 469
463 471
464 465
464 467
464 474
465 467
465 474
466 468
466 469
466 471
467 474
468 469
468 471
469 471
470 475
470 477
470 479
470 483
470 484
470 487
470 489
470 490
470 492
470 498
470 500
472 473
472 478
472 481
472 482
472 485
472 486
472 488
472 491
472 493
472 494
472 495
472 496
472 499
473 478
473 481
473 482
473 485
473 486
473 491
473 493
473 494
473 495
473 496
473 497
473 499
475 477
475 479
475 483
475 484
475 487
475 489
475 490
475 492
475 498
475 500
477 479
477 483
477 484
477 487
477 489
477 490
477 492
477 498
477 500
478 481
478 482
478 485
478 486
478 488
478 491
478 493
478 494
478 495
478 496
478 497
478 499
479 483
479 484
479 487
479 489
479 490
479 492
479 498
479 500
481 482
481 485
481 486
481 488
481 491
481 493
481 494
481 496
481 497
481 499
482 485
482 486
482 488
482 491
482 493
482 494
482 495
482 496
482 497
482 499
483 484
483 487
483 489
483 490
483 492
483 498
483 500
484 487
484 489
484 490
484 492
484 498
484 500
485 486
485 491
485 493
485 494
485 495
485 496
485 497
485 499
486 488
486 491
486 493
486 494
486 495
486 496
486 497
486 499
487 489
487 490
487 492
487 498
487 500
488 491
488 493
488 494
488 495
488 496
488 497
488 499
489 490
489 492
489 498
489 500
490 492
490 498
490 500
491 493
491 494
491 495
491 496
491 497
491 499
492 498
492 500
493 494
493 495
493 496
493 497
493 499
494 495
494 497
494 499
495 496
495 497
495 499
496 497
496 499
497 499
498 500
2441
1 12
1 283
1 372
1 396
1 405
1 421
2 45
2 206
2 221
2 222
2 302
2 476
3 451
3 472
3 488
3 495
3 496
3 497
4 50
4 241
4 271
4 306
4 417
4 433
5 104
5 121
5 324
5 412
5 418
5 448
6 275
6 286
6 334
6 369
6 378
6 384
7 323
7 352
7 370
7 386
7 408
7 415
8 24
8 98
8 242
8 287
8 315
8 330
9 323
9 352
9 386
9 404
9 408
9 415
10 25
10 277
10 394
10 397
10 399
10 500
11 456
11 461
11 464
11 465
11 467
11 474
12 276
12 319
12 396
12 405
12 421
13 100
13 137
13 202
13 206
13 240
13 476
14 248
14 387
14 393
14 396
14 421
15 89
15 262
15 332
15 335
15 424
15 443
16 47
16 48
16 338
16 367
16 403
16 409
17 98
17 214
17 242
17 287
17 315
17 330
18 192
18 194
18 317
18 359
18 391
18 407
19 37
19 247
19 277
19 394
19 397
19 399
20 229
20 316
20 322
20 379
20 388
20 416
21 198
21 347
21 358
21 375
21 411
21 438
22 45
22 221
22 240
22 267
22 304
22 476
23 71
23 109
23 186
23 266
23 345
23 361
24 49
24 242
24 287
24 315
24 330
25 247
25 277
25 394
25 397
25 399
26 292
26 323
26 341
26 386
26 404
26 415
27 198
27 300
27 353
27 375
27 411
27 438
28 223
28 310
28 317
28 359
28 391
28 407
29 193
29 269
29 272
29 316
29 322
29 388
30 419
30 429
30 437
30 440
30 441
30 450
31 165
31 203
31 239
31 298
31 329
31 346
32 83
32 292
32 341
32 352
32 404
32 408
33 105
33 172
33 183
33 224
33 326
33 381
34 94
34 123
34 155
34 195
34 231
34 349
35 67
35 111
35 246
35 263
35 313
35 363
36 69
36 112
36 196
36 264
36 413
36 453
37 63
37 247
37 394
37 397
37 399
38 47
38 135
38 146
38 338
38 403
38 409
39 95
39 108
39 188
39 250
39 328
39 398
40 122
40 162
40 338
40 367
40 403
40 409
41 136
41 180
41 215
41 260
41 274
41 296
42 93
42 289
42 303
42 320
42 364
42 480
43 90
43 389
43 454
43 486
43 494
43 499
44 110
44 159
44 230
44 258
44 343
44 392
45 267
45 331
45 476
46 429
46 437
46 440
46 441
46 447
46 450
47 146
47 367
47 403
47 409
48 135
48 162
48 338
48 403
48 409
49 214
49 242
49 287
49 315
49 330
50 241
50 271
50 306
50 417
50 433
51 132
51 158
51 278
51 279
51 449
52 212
52 238
52 293
52 354
52 356
52 368
53 74
53 105
53 224
53 326
53 381
54 185
54 251
54 265
54 268
54 281
55 67
55 181
55 211
55 263
55 313
55 363
56 110
56 151
56 253
56 258
56 311
56 392
57 149
57 216
57 249
57 295
57 348
57 365
58 284
58 324
58 383
58 412
58 418
58 448
59 451
59 481
59 486
59 491
59 493
59 496
60 238
60 318
60 350
60 354
60 356
60 368
61 176
61 289
61 320
61 364
61 374
61 480
62 190
62 320
62 351
62 364
62 374
62 480
63 247
63 277
63 394
63 397
63 399
64 87
64 241
64 271
64 306
64 417
64 433
65 312
65 373
65 380
65 423
65 426
66 112
66 147
66 168
66 308
66 413
66 453
67 211
67 234
67 313
67 363
68 81
68 284
68 333
68 339
68 412
68 448
69 77
69 160
69 308
69 413
69 453
70 357
70 414
70 419
70 440
70 447
70 450
71 134
71 175
71 266
71 345
71 361
72 360
72 400
72 425
72 428
72 434
72 459
73 254
73 305
73 340
73 348
73 365
73 395
74 172
74 183
74 224
74 326
74 381
75 178
75 196
75 264
75 308
75 413
75 453
76 114
76 232
76 233
76 295
76 340
76 395
77 147
77 160
77 264
77 413
77 453
78 111
78 181
78 234
78 246
78 263
78 363
79 161
79 310
79 317
79 359
79 391
79 407
80 247
80 277
80 394
80 397
80 399
81 261
81 333
81 339
81 383
81 448
82 275
82 286
82 334
82 369
82 378
82 384
83 243
83 341
83 352
83 370
83 408
84 431
84 461
84 464
84 465
84 467
84 474
85 153
85 325
85 380
85 390
85 426
85 439
86 228
86 286
86 334
86 369
86 378
86 384
87 241
87 271
87 306
87 417
87 433
88 360
88 400
88 425
88 428
88 434
88 459
89 128
89 321
89 335
89 424
89 443
90 400
90 425
90 428
90 434
90 459
91 214
91 242
91 287
91 315
91 330
92 455
92 463
92 466
92 468
92 469
92 471
93 303
93 320
93 351
93 374
93 480
94 123
94 155
94 195
94 231
94 349
95 145
95 208
95 250
95 328
95 398
96 321
96 332
96 335
96 424
96 443
97 116
97 124
97 193
97 316
97 388
97 416
98 214
98 287
98 315
98 330
99 113
99 273
99 296
99 336
99 366
99 371
100 206
100 240
100 302
100 331
100 476
101 487
101 489
101 490
101 492
101 498
101 500
102 248
102 372
102 387
102 393
102 396
102 421
103 455
103 458
103 463
103 466
103 468
103 469
103 471
104 129
104 324
104 333
104 412
104 418
104 448
105 172
105 183
105 224
105 326
105 381
106 167
106 262
106 321
106 332
106 335
106 424
106 443
107 108
107 145
107 188
107 208
107 250
107 328
107 398
108 188
108 208
108 250
108 328
108 398
109 134
109 175
109 186
109 266
109 345
109 361
110 139
110 142
110 151
110 230
110 311
111 181
111 211
111 246
111 313
111 363
112 147
112 160
112 308
112 413
112 453
113 262
113 321
113 332
113 335
113 424
113 443
114 130
114 216
114 249
114 305
114 348
114 395
115 291
115 314
115 373
115 390
115 423
115 430
115 439
116 124
116 193
116 205
116 229
116 388
116 416
117 229
117 269
117 316
117 322
117 344
117 379
117 416
118 129
118 284
118 297
118 383
118 412
118 418
118 448
119 209
119 212
119 238
119 293
119 318
119 356
119 377
120 420
120 456
120 461
120 464
120 465
120 467
120 474
121 129
121 284
121 324
121 339
121 412
121 448
122 154
122 338
122 367
122 403
122 409
123 155
123 195
123 231
123 349
124 205
124 269
124 379
124 388
124 416
125 283
125 319
125 387
125 393
125 396
125 405
125 421
126 422
126 456
126 461
126 464
126 465
126 467
126 474
127 134
127 152
127 175
127 186
127 345
127 361
128 167
128 321
128 332
128 335
128 424
128 443
129 297
129 383
129 412
129 448
130 149
130 163
130 204
130 219
130 295
130 365
131 243
131 341
131 370
131 404
131 408
131 415
132 158
132 278
132 279
132 449
133 176
133 289
133 320
133 351
133 364
133 374
133 480
134 152
134 266
134 345
134 361
135 154
135 338
135 367
135 403
135 409
136 140
136 273
136 307
136 336
136 366
136 371
137 191
137 202
137 222
137 304
137 331
137 476
138 159
138 230
138 253
138 258
138 311
138 343
138 392
139 151
139 159
139 253
139 311
139 343
139 392
140 215
140 260
140 274
140 327
140 366
140 371
141 144
141 173
141 185
141 251
141 265
141 268
141 281
142 152
142 174
142 258
142 311
142 343
142 392
143 290
143 360
143 400
143 425
143 428
143 434
143 459
144 173
144 185
144 251
144 265
144 268
144 281
145 188
145 208
145 250
145 328
145 398
146 154
146 166
146 367
146 403
146 409
147 196
147 308
147 413
147 453
148 261
148 297
148 339
148 383
148 412
148 418
148 448
149 216
149 232
149 254
149 365
149 395
150 153
150 325
150 373
150 380
150 423
150 430
150 439
151 159
151 174
151 343
151 392
152 186
152 266
152 345
152 361
153 337
153 423
153 426
153 430
153 439
154 166
154 367
154 403
154 409
155 195
155 231
155 240
155 349
156 290
156 360
156 400
156 425
156 428
156 434
156 459
157 181
157 211
157 234
157 246
157 263
157 313
157 363
158 278
158 279
158 449
159 311
159 343
159 392
160 178
160 308
160 413
160 453
161 226
161 310
161 317
161 359
161 391
161 407
162 166
162 338
162 367
162 403
162 409
163 164
163 233
163 249
163 305
163 348
163 395
164 204
164 216
164 219
164 285
164 305
164 340
165 203
165 239
165 298
165 301
165 342
165 346
166 338
166 367
166 403
166 409
167 262
167 321
167 332
167 424
167 443
168 178
168 196
168 264
168 308
168 413
168 453
169 290
169 360
169 400
169 425
169 428
169 434
169 459
170 389
170 472
170 473
170 481
170 486
170 491
170 497
171 484
171 487
171 489
171 490
171 492
171 498
171 500
172 183
172 224
172 326
172 381
173 185
173 251
173 265
173 268
173 281
174 230
174 253
174 258
174 343
174 392
175 186
175 266
175 345
175 361
176 179
176 303
176 364
176 374
176 480
177 260
177 296
177 307
177 327
177 336
177 366
177 371
178 196
178 264
178 413
178 453
179 289
179 303
179 320
179 351
179 364
179 480
180 274
180 307
180 327
180 336
180 366
180 371
181 246
181 313
181 363
182 337
182 380
182 390
182 423
182 426
182 430
182 439
183 224
183 326
183 381
184 432
184 446
184 458
184 463
184 466
184 468
184 469
184 471
185 251
185 265
185 268
185 281
186 266
186 345
186 361
187 290
187 360
187 400
187 425
187 428
187 434
187 459
188 208
188 250
188 328
188 398
189 243
189 292
189 323
189 370
189 386
189 404
189 408
189 415
190 289
190 303
190 351
190 364
190 374
190 480
191 206
191 222
191 257
191 302
191 304
191 331
191 476
192 194
192 226
192 310
192 317
192 359
192 391
192 407
193 272
193 316
193 344
193 379
193 416
194 223
194 226
194 310
194 359
194 391
194 407
195 231
195 349
196 264
196 413
196 453
197 442
197 472
197 478
197 482
197 485
197 488
197 497
197 499
198 300
198 347
198 353
198 375
198 411
198 438
199 228
199 275
199 286
199 334
199 369
199 378
199 384
200 420
200 431
200 456
200 461
200 464
200 465
200 467
200 474
201 248
201 276
201 283
201 372
201 387
201 393
201 405
201 421
202 222
202 240
202 257
202 302
202 331
202 476
203 255
203 259
203 301
203 329
203 342
203 346
204 216
204 219
204 232
204 254
204 285
204 365
205 272
205 322
205 344
205 379
205 388
205 416
206 221
206 267
206 331
206 476
207 213
207 300
207 347
207 353
207 358
207 375
207 411
207 438
208 250
208 328
208 398
209 236
209 245
209 318
209 350
209 356
209 368
209 377
210 357
210 419
210 429
210 437
210 440
210 441
210 447
210 450
211 234
211 246
211 263
211 363
212 245
212 318
212 350
212 354
212 368
212 377
213 270
213 300
213 353
213 358
213 375
213 411
213 438
214 242
214 287
214 315
214 330
215 274
215 296
215 307
215 327
215 366
215 371
216 305
216 348
216 395
217 235
217 259
217 282
217 298
217 301
217 329
217 342
217 346
218 261
218 297
218 333
218 339
218 383
218 412
218 418
218 448
219 232
219 285
219 295
219 305
219 340
220 225
220 270
220 347
220 353
220 358
220 375
220 411
220 438
221 257
221 302
221 304
221 331
221 476
222 257
222 267
222 304
222 476
223 226
223 310
223 317
223 359
223 391
223 407
224 326
224 381
225 270
225 347
225 353
225 358
225 375
225 411
225 438
226 359
226 391
226 407
227 478
227 481
227 482
227 485
227 486
227 493
227 497
227 499
228 275
228 286
228 334
228 369
228 378
228 384
229 322
229 344
229 379
229 388
229 416
230 253
230 258
230 311
230 392
231 349
232 254
232 285
232 340
232 395
233 285
233 305
233 340
233 348
233 365
233 395
234 246
234 263
234 313
234 363
235 255
235 259
235 282
235 301
235 329
235 342
235 346
236 238
236 245
236 293
236 354
236 356
236 368
236 377
237 472
237 473
237 478
237 481
237 482
237 493
237 494
237 495
237 496
238 293
238 350
238 354
238 356
238 377
239 255
239 259
239 298
239 301
239 329
239 342
239 346
240 257
240 267
240 304
240 476
241 271
241 306
241 417
241 433
242 287
242 315
242 330
243 341
243 352
243 386
243 404
243 408
243 415
244 252
244 376
244 382
244 429
244 437
244 440
244 441
244 447
244 450
245 318
245 350
245 354
245 356
245 368
245 377
246 263
246 363
247 277
247 394
247 397
247 399
248 276
248 294
248 372
248 387
248 396
248 405
249 254
249 285
249 295
249 305
249 340
249 395
250 328
250 398
251 265
251 268
251 269
251 281
252 376
252 382
252 414
252 419
252 437
252 441
252 447
252 450
253 258
253 311
253 343
253 392
254 285
254 295
254 348
254 395
255 259
255 282
255 298
255 301
255 329
255 342
256 382
256 414
256 419
256 429
256 437
256 440
256 441
256 447
256 450
257 267
257 302
257 331
257 476
258 343
258 392
259 282
259 298
259 329
259 342
260 273
260 274
260 307
260 327
260 336
260 366
261 284
261 297
261 333
261 383
261 418
261 448
262 321
262 332
262 335
262 424
262 443
263 313
263 363
264 308
264 413
264 453
265 268
265 281
266 345
266 361
267 302
267 304
267 476
268 281
269 272
269 322
269 344
269 379
269 416
270 300
270 347
270 353
270 358
270 411
270 438
271 306
271 417
271 433
272 316
272 322
272 344
272 388
272 416
273 274
273 296
273 307
273 336
273 366
273 371
274 296
274 327
274 371
275 286
275 334
275 369
275 378
275 384
276 294
276 319
276 393
276 396
276 405
276 421
277 394
277 397
277 399
278 279
278 449
279 449
280 420
280 422
280 431
280 456
280 461
280 464
280 465
280 467
280 474
282 298
282 301
282 329
282 342
282 346
283 294
283 319
283 372
283 387
283 393
283 405
283 421
284 297
284 324
284 383
284 418
284 448
285 295
285 305
285 365
286 334
286 369
286 378
286 384
287 315
287 330
288 406
288 420
288 422
288 431
288 456
288 461
288 464
288 465
288 467
288 474
289 303
289 351
289 364
289 374
289 480
290 360
290 400
290 425
290 428
290 434
290 459
291 314
291 325
291 373
291 380
291 390
291 423
291 426
291 430
291 439
292 341
292 352
292 370
292 386
292 404
292 408
292 415
293 318
293 350
293 354
293 356
293 368
293 377
294 319
294 372
294 387
294 393
294 396
294 405
294 421
295 340
295 348
295 365
296 307
296 327
296 336
296 371
297 324
297 383
297 418
297 448
298 301
298 329
298 346
299 432
299 435
299 446
299 455
299 458
299 463
299 466
299 468
299 469
299 471
300 353
300 358
300 375
300 411
300 438
301 342
301 346
302 304
302 331
302 476
303 320
303 351
303 374
303 480
304 331
304 476
305 365
306 417
306 433
307 327
307 336
307 366
308 413
308 453
309 406
309 420
309 422
309 431
309 456
309 461
309 464
309 465
309 467
309 474
310 317
310 359
310 391
310 407
311 343
311 392
312 314
312 325
312 337
312 380
312 390
312 423
312 426
312 430
312 439
313 363
313 414
314 337
314 373
314 380
314 390
314 426
314 430
314 439
315 330
316 344
316 379
316 388
316 416
317 359
317 391
317 407
318 350
318 354
318 368
318 377
319 372
319 387
319 393
319 405
319 421
320 351
320 364
320 374
320 480
321 332
321 335
321 424
321 443
322 344
322 379
322 388
322 416
323 341
323 352
323 370
323 386
323 404
323 408
323 415
324 333
324 339
324 383
324 412
324 418
325 337
325 373
325 390
325 423
325 426
325 430
325 439
326 381
327 336
327 366
327 371
328 398
329 342
329 346
331 476
332 335
332 424
332 443
333 339
333 383
333 412
333 418
333 448
334 369
334 378
334 384
335 424
335 443
336 366
336 371
337 373
337 390
337 423
337 426
337 430
337 439
338 367
338 403
338 409
339 383
339 412
339 418
339 448
340 348
340 365
340 395
341 370
341 386
341 404
341 415
342 346
343 392
344 379
344 388
344 416
345 361
347 353
347 358
347 375
347 411
347 438
348 365
348 395
350 354
350 356
350 368
350 377
351 364
351 374
351 480
352 370
352 386
352 404
352 408
352 415
353 358
353 411
353 438
354 356
354 368
354 377
355 406
355 420
355 422
355 431
355 456
355 461
355 464
355 465
355 467
355 474
356 368
356 377
357 376
357 382
357 414
357 419
357 429
357 437
357 440
357 441
357 447
357 450
358 375
358 411
358 438
359 391
359 407
360 400
360 425
360 428
360 434
360 459
362 460
362 475
362 477
362 479
362 483
362 484
362 487
362 489
362 490
362 492
362 498
362 500
364 374
364 480
365 395
366 371
367 403
367 409
368 377
369 378
369 384
370 386
370 404
370 408
370 415
372 387
372 393
372 396
372 405
372 421
373 380
373 423
373 426
373 430
373 439
374 480
375 411
375 438
376 382
376 414
376 419
376 429
376 437
376 440
376 441
376 447
376 450
378 384
379 388
379 416
380 390
380 423
380 426
380 430
380 439
382 414
382 419
382 429
382 437
382 440
382 441
382 447
382 450
383 418
385 442
385 451
385 454
385 472
385 473
385 478
385 485
385 488
385 491
385 494
385 495
385 496
385 497
386 404
386 408
386 415
387 393
387 396
387 405
387 421
388 416
389 442
389 454
389 478
389 486
389 488
389 491
389 493
389 494
389 495
389 497
389 499
390 423
390 426
390 430
390 439
391 407
393 396
393 405
393 421
394 397
394 399
396 405
396 421
397 399
400 425
400 428
400 434
400 459
401 402
401 410
401 427
401 432
401 435
401 445
401 446
401 455
401 458
401 463
401 466
401 468
401 469
401 471
402 410
402 427
402 432
402 435
402 445
402 446
402 455
402 458
402 463
402 466
402 468
402 469
402 471
403 409
404 408
404 415
405 421
406 420
406 422
406 431
406 456
406 461
406 464
406 465
406 467
406 474
408 415
410 427
410 432
410 435
410 445
410 446
410 455
410 458
410 463
410 466
410 468
410 469
410 471
411 438
412 418
412 448
413 453
414 419
414 429
414 437
414 440
414 441
414 447
414 450
417 433
418 448
419 429
419 437
419 440
419 441
419 447
419 450
420 422
420 431
420 456
420 461
420 464
420 465
420 467
420 474
422 431
422 456
422 461
422 464
422 465
422 467
422 474
423 426
423 430
423 439
424 443
425 428
425 434
425 459
426 430
426 439
427 432
427 435
427 445
427 446
427 455
427 458
427 463
427 466
427 468
427 469
427 471
428 434
428 459
429 437
429 440
429 441
429 447
429 450
430 439
431 456
431 461
431 464
431 465
431 467
431 474
432 435
432 445
432 446
432 455
432 458
432 463
432 466
432 468
432 469
432 471
434 459
435 445
435 446
435 455
435 458
435 463
435 466
435 468
435 469
435 471
436 452
436 457
436 460
436 462
436 470
436 475
436 477
436 479
436 483
436 484
436 487
436 489
436 490
436 492
436 498
436 500
437 440
437 441
437 447
437 450
440 441
440 447
440 450
441 447
441 450
442 454
442 472
442 473
442 478
442 485
442 486
442 488
442 493
442 494
442 495
442 496
442 497
442 499
444 452
444 457
444 460
444 462
444 470
444 475
444 477
444 479
444 483
444 484
444 487
444 489
444 490
444 492
444 498
444 500
445 446
445 455
445 458
445 463
445 466
445 468
445 469
445 471
446 455
446 458
446 463
446 466
446 468
446 469
446 471
447 450
451 454
451 472
451 473
451 481
451 482
451 485
451 486
451 488
451 491
451 494
451 495
451 496
451 497
451 499
452 457
452 460
452 462
452 470
452 475
452 477
452 479
452 483
452 484
452 487
452 489
452 490
452 492
452 498
452 500
454 473
454 481
454 482
454 485
454 486
454 491
454 493
454 494
454 495
454 496
454 497
454 499
455 458
455 463
455 466
455 468
455 469
455 471
456 461
456 464
456 465
456 467
456 474
457 460
457 462
457 470
457 475
457 477
457 479
457 483
457 484
457 487
457 489
457 490
457 492
457 498
457 500
458 463
458 466
458 468
458 469
458 471
460 462
460 470
460 475
460 477
460 479
460 483
460 484
460 487
460 489
460 490
460 492
460 498
460 500
461 464
461 465
461 467
461 474
462 470
462 475
462 477
462 479
462 483
462 484
462 487
462 489
462 490
462 492
462 498
462 500
463 466
463 468
463 469
463 471
464 465
464 467
464 474
465 467
465 474
466 468
466 469
466 471
467 474
468 469
468 471
469 471
470 475
470 477
470 479
470 483
470 484
470 487
470 489
470 490
470 492
470 498
470 500
472 481
472 482
472 485
472 486
472 488
472 491
472 493
472 494
472 496
472 497
472 499
473 478
473 481
473 482
473 485
473 486
473 488
473 491
473 493
473 495
473 496
473 497
473 499
475 477
475 479
475 483
475 484
475 487
475 489
475 490
475 492
475 498
475 500
477 479
477 483
477 484
477 487
477 489
477 490
477 492
477 498
477 500
478 481
478 482
478 485
478 486
478 488
478 491
478 493
478 494
478 495
478 496
478 497
478 499
479 483
479 484
479 487
479 489
479 490
479 492
479 498
479 500
481 482
481 485
481 488
481 491
481 493
481 494
481 495
481 496
481 497
481 499
482 485
482 486
482 488
482 491
482 493
482 494
482 495
482 496
482 497
482 499
483 484
483 487
483 489
483 490
483 492
483 498
483 500
484 487
484 489
484 490
484 492
484 498
484 500
485 488
485 491
485 493
485 494
485 495
485 496
485 497
485 499
486 488
486 491
486 493
486 494
486 495
486 496
486 499
487 489
487 490
487 492
487 498
487 500
488 491
488 493
488 494
488 495
488 496
488 497
488 499
489 490
489 492
489 498
489 500
490 492
490 498
490 500
491 493
491 494
491 495
491 496
491 497
491 499
492 498
492 500
493 494
493 495
493 496
493 497
493 499
494 495
494 496
494 497
494 499
495 496
495 497
495 499
496 499
498 500
2430
1 294
1 319
1 387
1 393
1 405
1 421
2 13
2 137
2 202
2 240
2 339
2 412
3 451
3 454
3 473
3 491
3 495
3 496
4 148
4 337
4 380
4 423
4 430
4 439
5 104
5 261
5 324
5 383
5 418
5 448
6 228
6 286
6 334
6 369
6 378
6 384
7 292
7 341
7 370
7 386
7 408
7 415
8 98
8 214
8 287
8 315
8 330
8 396
9 83
9 352
9 386
9 404
9 408
9 415
10 19
10 25
10 247
10 277
10 397
10 399
11 406
11 422
11 456
11 461
11 464
11 474
12 294
12 372
12 387
12 393
12 405
12 421
13 100
13 191
13 302
13 331
13 412
14 238
14 245
14 293
14 350
14 354
14 368
15 136
15 321
15 332
15 335
15 424
15 443
16 48
16 166
16 338
16 367
16 403
16 409
17 24
17 49
17 91
17 221
17 287
17 396
18 79
18 226
18 310
18 359
18 407
18 476
19 63
19 247
19 277
19 397
19 399
20 193
20 316
20 322
20 344
20 379
20 388
21 253
21 270
21 300
21 358
21 411
21 438
22 202
22 257
22 302
22 331
22 339
22 412
23 177
23 260
23 273
23 327
23 366
23 371
24 221
24 242
24 315
24 330
24 396
25 80
25 247
25 277
25 397
25 399
26 323
26 341
26 352
26 370
26 404
26 415
27 300
27 347
27 375
27 411
27 438
28 194
28 223
28 317
28 391
28 407
28 476
29 105
29 193
29 205
29 379
29 388
29 416
30 376
30 419
30 437
30 440
30 447
30 450
31 217
31 255
31 298
31 301
31 329
31 342
32 243
32 323
32 386
32 404
32 408
32 415
33 172
33 183
33 241
33 326
33 345
33 381
34 144
34 173
34 185
34 251
34 281
34 394
35 55
35 67
35 181
35 234
35 246
35 313
36 112
36 178
36 196
36 308
36 413
36 453
37 385
37 451
37 485
37 491
37 493
37 496
38 48
38 135
38 166
38 338
38 403
38 409
39 198
39 270
39 300
39 353
39 358
39 438
40 122
40 166
40 338
40 367
40 403
40 409
41 260
41 273
41 274
41 296
41 366
41 371
42 190
42 289
42 303
42 351
42 364
42 480
43 478
43 481
43 485
43 495
43 496
43 497
44 205
44 229
44 269
44 322
44 388
44 416
45 191
45 206
45 302
45 304
45 339
45 412
46 70
46 429
46 437
46 440
46 441
46 447
47 122
47 146
47 338
47 367
47 403
47 409
48 154
48 367
48 403
48 409
49 242
49 287
49 315
49 330
49 396
50 64
50 87
50 306
50 417
50 433
51 141
51 144
51 251
51 265
51 281
51 394
52 209
52 236
52 350
52 354
52 368
52 377
53 172
53 183
53 241
53 326
53 345
53 381
54 129
54 141
54 185
54 265
54 281
54 394
55 111
55 157
55 234
55 263
55 313
56 159
56 230
56 311
56 343
56 356
56 392
57 216
57 219
57 295
57 340
57 348
57 395
58 94
58 155
58 195
58 212
58 231
58 349
59 482
59 485
59 488
59 495
59 496
59 497
60 119
60 224
60 245
60 350
60 354
60 377
61 190
61 289
61 303
61 364
61 374
61 480
62 93
62 133
62 176
62 351
62 374
62 480
63 80
63 247
63 277
63 397
63 399
64 87
64 306
64 417
64 433
65 85
65 314
65 380
65 390
65 423
65 426
66 160
66 178
66 196
66 308
66 413
66 453
67 111
67 211
67 246
67 263
67 313
68 261
68 284
68 333
68 383
68 418
68 448
69 147
69 160
69 196
69 308
69 413
69 453
70 252
70 382
70 429
70 437
70 450
71 109
71 127
71 152
71 266
71 291
71 361
72 360
72 400
72 425
72 428
72 434
72 459
73 204
73 232
73 249
73 340
73 348
73 395
74 255
74 259
74 282
74 298
74 329
74 342
75 112
75 196
75 308
75 413
75 453
76 130
76 163
76 305
76 340
76 348
76 395
77 112
77 178
77 308
77 413
77 453
77 500
78 209
78 245
78 350
78 354
78 368
78 377
79 186
79 317
79 391
79 407
79 476
80 247
80 277
80 397
80 399
81 284
81 297
81 324
81 383
81 418
81 448
82 199
82 250
82 334
82 369
82 378
82 384
83 323
83 352
83 370
83 404
83 408
84 406
84 461
84 464
84 465
84 467
84 474
85 148
85 380
85 423
85 430
85 439
86 164
86 286
86 334
86 369
86 378
86 384
87 306
87 417
87 433
88 360
88 400
88 425
88 428
88 434
88 459
89 167
89 262
89 321
89 335
89 424
89 443
90 360
90 400
90 425
90 428
90 434
90 459
91 214
91 242
91 287
91 330
91 396
92 402
92 445
92 455
92 463
92 466
92 468
93 190
93 289
93 351
93 374
93 480
94 155
94 195
94 212
94 231
94 349
95 107
95 108
95 145
95 208
95 328
95 398
96 128
96 136
96 262
96 332
96 424
96 443
97 105
97 124
97 193
97 269
97 388
97 416
98 221
98 287
98 315
98 330
98 396
99 140
99 215
99 268
99 273
99 366
99 371
100 222
100 257
100 331
100 339
100 412
101 271
101 475
101 479
101 483
101 484
101 490
102 264
102 372
102 393
102 405
102 421
103 427
103 432
103 446
103 458
103 466
103 469
103 471
104 218
104 324
104 333
104 383
104 418
104 448
105 117
105 344
105 379
105 388
105 416
106 167
106 262
106 321
106 332
106 335
106 424
106 443
107 108
107 145
107 208
107 328
107 398
108 145
108 208
108 328
108 398
109 127
109 134
109 152
109 266
109 291
109 361
110 139
110 151
110 174
110 258
110 311
110 356
110 392
111 211
111 246
111 263
111 313
112 147
112 160
112 413
112 453
113 138
113 151
113 174
113 311
113 356
113 392
114 219
114 254
114 285
114 340
114 348
114 365
114 398
115 314
115 325
115 373
115 380
115 426
115 430
115 439
116 205
116 229
116 269
116 322
116 379
116 388
116 416
117 205
117 316
117 344
117 379
117 388
117 416
118 284
118 297
118 324
118 333
118 383
118 418
118 448
119 224
119 236
119 238
119 245
119 293
119 377
120 200
120 420
120 431
120 456
120 461
120 465
120 467
121 389
121 442
121 454
121 486
121 488
121 495
121 499
122 162
122 338
122 403
122 409
123 155
123 195
123 212
123 231
123 349
123 490
124 193
124 269
124 322
124 344
124 379
124 416
125 201
125 283
125 372
125 387
125 393
125 405
125 421
126 320
126 414
126 422
126 461
126 464
126 465
126 474
127 134
127 152
127 266
127 291
127 361
128 262
128 321
128 332
128 335
128 424
128 443
129 144
129 173
129 185
129 251
129 265
129 394
130 204
130 233
130 254
130 295
130 305
130 395
131 244
131 256
131 382
131 440
131 441
131 447
131 450
132 158
132 188
132 278
132 449
133 176
133 289
133 351
133 364
133 374
133 480
134 152
134 266
134 291
134 361
135 146
135 154
135 162
135 367
135 403
135 409
136 321
136 332
136 335
136 424
136 443
137 206
137 222
137 240
137 257
137 267
137 304
138 142
138 258
138 311
138 343
138 356
138 392
139 142
139 151
139 159
139 258
139 343
139 356
140 177
140 215
140 268
140 274
140 307
140 336
141 144
141 251
141 265
141 281
141 394
142 230
142 258
142 343
142 356
142 392
143 187
143 290
143 400
143 425
143 428
143 434
143 459
144 251
144 281
144 394
145 208
145 328
145 398
146 166
146 338
146 367
146 403
146 409
147 178
147 196
147 308
147 413
147 453
148 153
148 325
148 426
148 430
148 439
149 163
149 216
149 233
149 285
149 295
149 305
149 348
150 337
150 373
150 390
150 423
150 426
150 430
150 439
151 258
151 311
151 356
151 392
152 266
152 291
152 361
153 314
153 337
153 373
153 380
153 390
153 423
154 162
154 338
154 367
154 403
154 409
155 195
155 212
155 231
155 349
156 290
156 360
156 400
156 425
156 428
156 434
156 459
157 181
157 211
157 234
157 246
157 263
157 313
158 188
158 278
158 449
159 174
159 230
159 343
159 356
159 392
160 196
160 308
160 413
160 453
161 186
161 310
161 317
161 359
161 391
161 407
161 476
162 338
162 367
162 403
162 409
163 249
163 285
163 295
163 305
163 365
164 250
164 286
164 334
164 369
164 378
164 384
165 203
165 217
165 259
165 282
165 298
165 301
165 342
166 367
166 403
166 409
167 321
167 332
167 335
167 424
167 443
168 432
168 445
168 455
168 463
168 468
168 469
168 471
169 290
169 360
169 400
169 425
169 428
169 434
169 459
170 442
170 451
170 472
170 481
170 491
170 493
170 497
171 444
171 462
171 477
171 484
171 487
171 498
171 500
172 183
172 241
172 326
172 345
172 381
173 185
173 251
173 265
173 281
173 394
174 230
174 311
174 343
174 392
175 177
175 180
175 274
175 296
175 327
175 336
175 371
176 303
176 351
176 364
176 374
176 480
177 274
177 275
177 307
177 336
178 308
178 413
178 453
179 190
179 289
179 303
179 351
179 364
179 374
179 480
180 260
180 296
180 307
180 336
180 366
180 371
181 211
181 234
181 246
181 263
181 313
182 312
182 325
182 380
182 423
182 426
182 430
182 439
183 241
183 326
183 345
183 381
184 427
184 435
184 458
184 463
184 466
184 468
184 469
184 471
185 251
185 265
185 281
185 394
186 194
186 226
186 359
186 391
186 407
186 476
187 290
187 360
187 400
187 425
187 428
187 434
187 459
188 278
188 449
189 243
189 292
189 341
189 352
189 386
189 404
189 408
189 415
190 303
190 364
190 374
190 480
191 202
191 257
191 267
191 331
191 339
191 412
192 194
192 226
192 310
192 317
192 359
192 391
192 407
192 476
193 229
193 272
193 316
193 379
194 223
194 359
194 391
194 407
194 476
195 212
195 231
195 349
196 413
196 453
197 442
197 454
197 472
197 481
197 486
197 488
197 494
197 495
198 213
198 220
198 225
198 353
198 375
198 411
198 438
199 228
199 250
199 286
199 334
199 369
199 378
199 384
200 309
200 355
200 420
200 422
200 461
200 467
200 474
201 283
201 294
201 319
201 372
201 387
201 405
201 421
202 206
202 240
202 267
202 302
202 331
203 235
203 255
203 259
203 298
203 301
203 329
203 342
204 219
204 232
204 233
204 340
204 348
204 365
205 272
205 322
205 344
205 416
206 222
206 267
206 304
206 331
206 339
207 253
207 300
207 347
207 353
207 358
207 375
207 411
207 438
208 328
208 398
209 238
209 293
209 350
209 354
209 368
209 377
210 248
210 357
210 382
210 419
210 437
210 440
210 441
210 450
211 234
211 246
211 263
211 313
212 231
212 349
213 270
213 300
213 353
213 358
213 375
213 411
213 438
214 221
214 242
214 287
214 315
214 330
214 396
215 268
215 273
215 275
215 307
215 327
215 336
216 232
216 233
216 249
216 305
216 340
216 395
217 255
217 259
217 282
217 301
217 329
217 342
218 284
218 297
218 324
218 333
218 383
218 418
218 448
219 232
219 254
219 340
219 348
219 365
220 253
220 347
220 353
220 358
220 375
220 411
220 438
221 242
221 315
221 330
221 396
222 240
222 302
222 304
222 339
222 412
223 310
223 317
223 359
223 391
223 407
223 476
224 245
224 293
224 350
224 354
224 368
224 377
225 253
225 347
225 353
225 358
225 375
225 411
225 438
226 310
226 359
226 391
226 407
226 476
227 473
227 478
227 482
227 485
227 493
227 494
227 495
227 497
228 250
228 286
228 334
228 369
228 378
228 384
229 269
229 316
229 344
229 388
229 416
230 311
230 343
230 356
230 392
231 349
232 295
232 340
232 365
232 395
233 285
233 348
233 365
233 395
234 246
234 263
234 313
235 255
235 259
235 282
235 298
235 301
235 329
235 342
236 238
236 245
236 293
236 350
236 368
236 377
237 472
237 473
237 478
237 485
237 486
237 494
237 495
237 497
237 499
238 293
238 350
238 354
238 368
238 377
239 244
239 248
239 357
239 419
239 429
239 437
239 441
239 447
239 450
240 267
240 302
240 304
240 339
240 412
241 326
241 345
241 381
242 287
242 315
242 330
242 396
243 323
243 352
243 370
243 386
243 404
243 408
243 415
244 357
244 419
244 429
244 440
244 441
244 447
244 450
245 354
245 368
245 377
246 263
246 313
247 277
247 397
247 399
248 376
248 419
248 429
248 440
248 441
248 447
248 450
249 254
249 285
249 295
249 348
249 365
249 395
250 286
250 334
250 369
250 378
250 384
251 265
251 394
252 357
252 419
252 429
252 437
252 440
252 441
252 447
252 450
253 347
253 358
253 375
253 411
253 438
254 285
254 295
254 305
254 365
254 395
255 282
255 301
255 329
255 342
256 376
256 382
256 429
256 437
256 440
256 441
256 447
256 450
257 267
257 302
257 304
257 339
257 412
258 311
258 343
258 356
258 392
259 282
259 298
259 301
259 329
260 275
260 296
260 307
260 327
260 364
260 366
261 284
261 297
261 324
261 333
261 383
261 418
261 448
262 321
262 332
262 335
262 424
262 443
263 313
264 276
264 294
264 319
264 372
264 387
264 393
264 405
264 421
265 281
265 394
266 291
266 361
267 304
267 331
267 412
268 296
268 307
268 327
268 336
268 366
268 371
269 272
269 322
269 388
269 416
270 347
270 353
270 358
270 375
270 411
270 438
271 444
271 452
271 460
271 475
271 484
271 489
271 492
271 500
272 316
272 322
272 344
272 379
272 388
272 416
273 274
273 275
273 296
273 307
273 366
274 327
274 336
274 366
274 371
275 296
275 307
275 327
275 366
275 371
276 283
276 294
276 319
276 372
276 387
276 393
276 405
276 421
277 397
277 399
278 449
279 444
279 470
279 477
279 483
279 487
279 489
279 492
279 498
279 500
280 309
280 363
280 414
280 431
280 456
280 461
280 464
280 465
280 467
281 394
282 298
282 329
282 342
283 294
283 319
283 372
283 387
283 393
283 405
283 421
284 297
284 333
284 383
284 418
284 448
285 305
285 340
285 365
285 395
286 334
286 369
286 378
286 384
287 315
287 330
287 396
288 406
288 414
288 420
288 422
288 431
288 456
288 461
288 464
288 467
288 474
289 303
289 351
289 364
289 374
289 480
290 360
290 400
290 425
290 428
290 434
290 459
291 361
292 323
292 341
292 352
292 370
292 386
292 404
292 408
292 415
293 350
293 354
293 368
293 377
294 387
294 393
294 405
294 421
295 305
295 365
295 395
296 307
296 327
296 371
297 324
297 333
297 383
297 418
297 448
298 301
298 329
298 342
299 410
299 435
299 446
299 455
299 458
299 463
299 466
299 468
299 469
299 471
300 347
300 353
300 358
300 411
300 438
301 329
301 342
302 304
302 331
302 412
303 351
303 364
303 374
303 480
304 331
304 412
305 340
305 395
306 417
306 433
307 336
308 413
308 453
309 355
309 363
309 414
309 420
309 456
309 464
309 465
309 467
310 317
310 359
310 391
310 407
310 476
311 343
311 392
312 314
312 325
312 337
312 373
312 380
312 390
312 426
312 430
312 439
314 373
314 390
314 423
314 426
314 430
314 439
315 330
315 396
316 322
316 344
316 379
316 388
316 416
317 359
317 391
317 407
317 476
318 452
318 475
318 477
318 479
318 484
318 487
318 490
318 492
318 498
318 500
319 372
319 387
319 393
319 405
319 421
320 363
320 406
320 414
320 422
320 431
320 456
320 464
320 465
320 467
320 474
321 332
321 335
321 424
321 443
322 344
322 379
322 388
323 341
323 370
323 386
323 404
323 408
323 415
324 333
324 383
324 418
324 448
325 373
325 380
325 390
325 423
325 426
325 430
325 439
326 345
326 381
327 336
327 366
327 371
328 398
329 342
330 396
331 339
331 412
332 335
332 424
332 443
333 383
333 418
333 448
334 369
334 378
334 384
335 424
335 443
336 366
336 371
337 373
337 380
337 390
337 423
337 426
337 430
337 439
338 367
338 403
338 409
339 412
340 365
341 352
341 370
341 386
341 404
341 408
341 415
343 356
343 392
344 379
344 416
345 381
346 432
346 435
346 445
346 446
346 455
346 458
346 463
346 466
346 468
346 469
346 471
347 353
347 375
347 411
347 438
348 365
348 395
350 354
350 368
351 364
351 374
351 480
352 370
352 386
352 404
352 408
352 415
353 358
353 375
353 438
354 368
354 377
355 363
355 406
355 414
355 420
355 422
355 456
355 461
355 465
355 467
355 474
356 392
357 376
357 382
357 419
357 429
357 437
357 440
357 447
357 450
358 411
358 438
359 391
359 407
359 476
360 400
360 425
360 428
360 434
360 459
362 452
362 457
362 460
362 470
362 477
362 479
362 484
362 487
362 489
362 490
362 498
362 500
363 414
363 422
363 431
363 456
363 461
363 464
363 465
363 474
364 374
364 480
366 371
367 403
367 409
368 377
369 378
369 384
370 386
370 404
370 408
370 415
372 387
372 393
372 405
372 421
373 390
373 423
373 426
373 430
373 439
374 480
375 411
375 438
376 382
376 419
376 429
376 437
376 440
376 441
376 447
376 450
378 384
379 416
380 390
380 423
380 426
380 439
382 419
382 429
382 437
382 440
382 441
382 447
382 450
383 418
383 448
385 454
385 473
385 481
385 482
385 488
385 491
385 493
385 494
385 495
385 496
385 497
385 499
386 404
386 408
386 415
387 393
387 405
387 421
388 416
389 472
389 473
389 478
389 485
389 486
389 491
389 493
389 494
389 495
389 496
389 497
389 499
390 423
390 426
390 430
390 439
391 407
391 476
393 405
393 421
397 399
400 425
400 428
400 434
400 459
401 436
401 452
401 457
401 460
401 462
401 470
401 475
401 479
401 483
401 489
401 490
401 492
401 498
401 500
402 410
402 427
402 432
402 435
402 445
402 446
402 455
402 458
402 463
402 466
402 468
402 469
402 471
403 409
404 408
404 415
405 421
406 420
406 422
406 431
406 456
406 461
406 464
406 465
406 467
406 474
407 476
408 415
410 427
410 432
410 435
410 445
410 446
410 455
410 458
410 463
410 466
410 468
410 469
410 471
411 438
413 453
414 420
414 431
414 456
414 464
414 465
414 467
414 474
417 433
418 448
419 429
419 437
419 440
419 441
419 447
419 450
420 422
420 431
420 456
420 461
420 464
420 465
420 467
420 474
422 431
422 461
422 464
422 465
422 467
422 474
423 426
423 430
423 439
424 443
425 428
425 434
425 459
426 430
426 439
427 432
427 435
427 445
427 446
427 455
427 458
427 463
427 466
427 468
427 469
427 471
428 434
428 459
429 437
429 441
429 447
429 450
430 439
431 456
431 461
431 464
431 465
431 467
431 474
432 435
432 445
432 446
432 455
432 458
432 463
432 466
432 468
432 469
432 471
434 459
435 445
435 446
435 455
435 458
435 463
435 466
435 468
435 469
435 471
436 457
436 460
436 462
436 470
436 475
436 477
436 479
436 483
436 484
436 487
436 489
436 490
436 492
436 498
436 500
437 440
437 441
437 447
437 450
440 441
440 447
440 450
441 447
441 450
442 451
442 473
442 478
442 481
442 482
442 486
442 488
442 491
442 493
442 494
442 495
442 497
442 499
444 452
444 457
444 462
444 470
444 475
444 477
444 479
444 483
444 487
444 489
444 492
444 498
444 500
445 446
445 455
445 458
445 463
445 466
445 468
445 469
445 471
446 455
446 458
446 463
446 466
446 468
446 469
446 471
451 454
451 472
451 473
451 481
451 482
451 486
451 488
451 491
451 493
451 494
451 496
451 497
451 499
452 457
452 460
452 462
452 470
452 479
452 483
452 484
452 487
452 489
452 490
452 492
452 498
454 472
454 478
454 481
454 486
454 488
454 491
454 493
454 494
454 495
454 496
454 497
454 499
455 458
455 463
455 466
455 468
455 469
455 471
456 461
456 464
456 465
456 467
456 474
457 460
457 462
457 470
457 475
457 477
457 479
457 483
457 487
457 489
457 490
457 492
457 498
458 463
458 466
458 468
458 469
458 471
460 462
460 475
460 477
460 479
460 483
460 484
460 487
460 489
460 490
460 492
460 498
460 500
461 464
461 465
461 467
461 474
462 470
462 475
462 477
462 483
462 484
462 487
462 489
462 490
462 492
462 498
462 500
463 466
463 468
463 469
463 471
464 465
464 467
464 474
465 467
465 474
466 468
466 469
466 471
467 474
468 469
468 471
469 471
470 475
470 477
470 479
470 483
470 484
470 487
470 489
470 490
470 492
470 500
472 473
472 478
472 482
472 485
472 486
472 488
472 491
472 493
472 494
472 496
472 497
472 499
473 478
473 481
473 482
473 488
473 491
473 493
473 494
473 496
473 497
473 499
475 477
475 479
475 483
475 487
475 489
475 490
475 492
475 500
477 483
477 484
477 487
477 489
477 490
477 492
477 498
477 500
478 481
478 482
478 485
478 486
478 488
478 491
478 494
478 495
478 496
478 497
478 499
479 483
479 484
479 487
479 489
479 490
479 492
479 498
479 500
481 482
481 485
481 486
481 488
481 491
481 493
481 494
481 495
481 496
481 499
482 485
482 486
482 488
482 491
482 493
482 494
482 495
482 496
482 497
482 499
483 484
483 487
483 489
483 490
483 498
483 500
484 487
484 489
484 490
484 492
484 498
484 500
485 486
485 488
485 491
485 493
485 494
485 495
485 496
485 497
485 499
486 488
486 491
486 493
486 494
486 495
486 496
486 499
487 489
487 492
487 498
487 500
488 493
488 494
488 495
488 496
488 497
488 499
489 490
489 492
489 498
490 492
490 498
490 500
491 493
491 494
491 495
491 496
491 497
492 498
492 500
493 494
493 496
493 497
493 499
494 497
494 499
495 496
495 499
496 499
497 499
498 500