200 2
1655
56 88
15 110
23 58
122 73
98 37
53 14
50 62
90 77
52 13
57 4
15 110
23 58
67 63
122 73
45 57
98 37
50 62
90 77
56 88
23 58
67 63
122 73
104 92
98 37
50 62
90 77
56 88
122 73
98 37
50 62
90 77
12 57
52 13
56 88
57 4
36 64
122 73
98 37
50 62
90 77
63 29
122 73
98 37
48 49
20 5
90 77
56 88
63 29
122 73
98 37
50 62
20 5
90 77
56 88
98 37
20 5
90 77
56 88
23 58
81 23
98 37
90 77
56 88
1 107
98 37
90 77
52 13
56 88
57 4
67 108
23 58
1 107
98 37
90 77
52 13
57 4
23 58
1 107
106 66
98 37
90 77
57 4
63 29
1 107
122 73
98 37
90 77
63 29
1 107
122 73
98 37
90 77
52 13
57 4
63 29
1 107
106 66
122 73
98 37
90 77
52 13
57 4
1 107
122 73
98 37
90 77
57 4
122 73
98 37
20 5
90 77
52 13
57 4
23 58
1 107
122 73
9 19
98 37
90 77
56 88
57 4
98 37
90 77
56 88
98 37
90 77
56 88
1 107
98 37
90 77
56 88
1 107
98 37
90 77
1 107
44 107
98 37
20 41
20 5
90 77
81 25
56 88
1 107
98 37
20 5
90 77
9 10
56 88
1 107
36 64
98 37
20 41
20 5
90 77
56 88
15 110
1 107
98 37
20 41
20 5
90 77
15 110
1 107
98 37
20 41
20 5
90 77
15 110
1 107
98 37
20 5
90 77
56 88
15 110
1 107
24 27
98 37
20 5
90 77
81 23
1 107
98 37
90 77
81 23
1 107
98 37
20 5
90 77
15 110
1 107
122 73
98 37
20 5
90 77
15 110
1 107
98 37
20 5
90 77
104 62
81 23
98 37
20 5
90 77
98 37
90 77
12 57
98 37
20 5
90 77
12 57
73 74
81 23
1 107
98 37
20 5
90 77
12 57
81 23
1 107
98 37
20 5
90 77
12 57
73 74
1 107
98 37
20 5
90 77
12 57
73 74
81 23
1 107
98 37
20 5
12 57
81 23
1 107
88 64
20 5
12 57
24 92
81 23
1 107
20 5
12 57
24 92
81 23
1 107
20 5
12 57
56 88
1 107
20 5
12 57
63 29
81 23
1 107
20 5
81 23
1 107
12 4
20 5
81 23
1 107
20 5
81 23
12 4
20 5
81 23
67 63
20 5
81 23
36 64
53 14
40 45
20 5
45 12
40 45
20 5
20 5
57 4
1 107
67 63
20 5
57 4
1 107
67 63
36 64
20 5
57 4
1 107
67 63
20 5
1 107
36 64
20 5
90 77
1 107
36 64
20 5
1 107
36 64
20 5
67 108
1 107
36 64
122 73
38 42
39 21
20 5
67 108
1 107
122 73
39 21
20 5
67 108
1 107
122 73
38 42
20 5
26 108
67 108
1 107
122 73
38 42
20 5
52 13
67 108
1 107
122 73
38 42
20 5
52 13
67 108
1 107
122 73
38 42
52 13
1 107
122 73
52 13
67 108
1 107
122 73
20 5
52 13
67 108
1 107
122 73
45 12
20 5
52 13
67 108
1 107
122 73
20 41
20 5
52 13
67 108
1 107
60 5
122 73
20 5
52 13
67 108
1 107
122 73
81 15
81 25
9 10
52 13
67 108
1 107
38 42
20 5
9 10
52 13
67 108
1 107
45 12
20 5
52 13
67 108
1 107
45 12
52 13
67 108
1 107
60 5
38 42
45 12
20 5
52 13
67 108
1 107
36 64
45 12
52 13
1 107
45 12
52 13
1 107
36 64
45 12
1 107
36 64
45 12
52 13
57 4
67 108
1 107
45 12
20 5
52 13
1 107
45 12
20 5
52 13
67 108
1 107
45 68
45 12
20 5
52 13
1 107
45 12
20 5
52 13
1 107
45 68
20 5
52 13
1 107
20 5
52 13
1 107
36 64
45 68
45 12
20 5
52 13
1 107
36 64
45 12
20 5
52 13
23 58
45 12
52 13
1 107
67 63
45 12
20 5
52 13
1 107
60 114
91 96
45 12
20 5
52 13
1 107
60 114
45 12
20 5
52 13
45 12
20 5
52 13
104 62
20 5
52 13
104 62
1 107
53 14
20 5
52 13
104 62
1 107
36 64
20 5
52 13
1 107
38 42
20 5
52 13
1 107
38 42
45 12
20 5
52 13
57 4
1 107
45 12
20 5
1 107
38 42
45 12
20 5
52 13
57 4
1 107
38 42
24 27
20 5
52 13
57 4
1 107
36 29
45 12
20 5
52 13
57 4
1 107
38 42
36 29
20 5
52 13
1 107
38 42
36 29
20 5
57 4
67 108
1 107
38 42
36 29
45 12
20 5
52 13
67 108
1 107
38 42
36 29
52 13
57 4
1 107
38 42
24 27
102 41
57 4
81 23
1 107
38 42
25 110
36 29
45 12
20 5
52 13
57 4
67 108
81 23
1 107
25 110
36 29
20 5
52 13
57 4
67 108
56 106
9 19
36 29
57 4
63 29
56 106
9 19
45 12
20 5
23 58
38 42
20 5
23 58
38 42
20 5
23 58
38 42
9 19
20 5
57 4
67 108
23 58
38 42
20 5
67 108
23 58
38 42
9 19
20 5
57 4
67 108
23 58
38 42
102 41
20 5
57 4
67 108
36 64
38 42
102 41
20 5
52 13
67 108
36 64
38 42
67 108
38 42
9 19
102 41
20 5
57 4
67 108
38 42
9 19
57 4
67 108
38 42
9 19
67 108
81 23
38 42
67 108
81 23
38 42
44 45
67 108
81 23
36 64
38 42
20 5
67 108
81 23
1 107
38 42
20 5
67 108
81 23
45 68
38 42
20 5
67 108
38 42
81 15
20 5
90 77
67 108
81 23
36 64
38 42
20 5
67 108
1 107
38 42
20 5
67 108
1 107
38 42
20 5
57 4
1 107
38 42
20 5
1 107
38 42
20 5
57 4
104 62
1 107
38 42
20 5
90 77
57 4
1 107
38 42
20 5
57 4
1 107
38 42
20 5
57 4
38 42
24 27
8 116
20 5
90 77
57 4
26 108
38 42
9 19
24 27
8 116
20 5
9 10
38 42
9 19
60 13
8 116
20 5
90 77
38 42
36 29
8 116
20 5
26 108
38 42
8 116
90 77
9 10
26 108
38 42
9 19
60 13
8 116
38 42
9 19
8 116
57 4
38 42
9 19
24 27
8 116
20 5
26 108
15 110
106 66
38 42
9 19
8 116
20 5
26 108
106 66
36 64
38 42
9 19
8 116
20 5
36 64
38 42
9 19
8 116
20 5
38 42
9 19
8 116
20 5
106 66
38 42
9 19
20 5
67 108
15 110
23 58
122 73
38 42
9 19
20 5
57 4
67 108
104 62
23 58
81 23
106 66
122 73
38 42
9 19
56 88
57 4
67 108
38 42
9 19
86 65
56 88
57 4
67 108
1 107
67 63
38 42
9 19
36 29
50 62
20 5
104 64
57 4
24 110
67 108
15 110
1 107
106 66
67 63
36 64
122 73
38 42
56 106
9 19
50 62
56 88
57 4
81 24
24 110
67 108
1 107
67 63
38 42
81 15
28 100
36 29
50 62
67 108
104 62
1 107
67 63
38 42
36 29
60 13
23 67
23 29
57 4
56 66
24 50
67 63
38 42
106 67
9 19
24 27
23 63
81 25
23 62
23 29
103 62
57 4
103 25
104 62
24 50
67 63
38 42
106 67
9 19
28 100
20 5
106 63
12 57
56 62
66 67
36 50
15 110
104 62
106 66
24 50
28 108
38 42
106 67
9 19
24 27
28 100
8 116
66 108
106 108
20 5
90 77
81 25
106 63
56 36
12 57
9 122
66 67
57 4
24 110
26 108
36 50
15 110
37 110
1 107
106 66
38 42
106 67
36 110
28 100
8 116
66 108
24 15
106 108
53 14
20 5
90 77
81 25
24 37
73 74
52 73
24 110
26 25
15 110
37 110
106 66
85 13
106 67
9 19
28 100
60 73
8 116
66 108
24 15
106 108
53 14
20 5
81 25
14 41
13 38
24 37
66 67
73 38
104 63
24 110
28 104
26 25
15 110
26 110
9 41
37 110
60 74
85 13
9 19
28 100
60 73
8 116
24 37
12 57
73 74
57 4
24 62
104 63
67 108
26 25
9 41
104 62
37 110
85 13
106 100
28 106
28 100
122 10
8 116
90 77
100 63
9 61
106 63
1 80
24 37
12 57
104 63
15 110
66 62
1 107
110 114
45 68
106 100
28 100
15 66
8 116
62 110
24 108
103 122
12 57
104 63
28 104
28 63
106 66
93 54
28 100
8 116
63 108
51 105
40 45
60 42
100 104
80 119
103 122
12 57
28 104
51 11
1 107
106 66
93 54
41 61
63 108
39 47
40 45
100 104
80 119
103 122
12 57
23 85
81 24
28 104
23 108
106 66
51 54
91 96
28 100
63 108
39 47
53 41
100 104
93 51
54 44
106 66
96 86
60 115
39 47
53 41
41 22
100 104
41 107
11 45
106 66
41 74
91 96
40 4
53 73
8 22
60 115
53 41
41 22
39 65
45 4
7 115
41 39
53 39
41 73
15 110
106 66
41 74
91 96
80 4
53 73
40 107
53 41
100 104
91 107
73 74
41 39
53 39
34 60
15 110
1 107
51 42
1 42
106 66
80 41
45 57
100 104
45 4
24 67
34 60
46 39
34 42
34 12
54 57
108 119
106 66
120 121
60 42
34 5
5 42
36 50
46 39
106 66
101 107
80 41
41 74
120 121
60 42
103 122
5 115
36 50
46 39
51 32
61 42
54 57
32 12
106 66
11 40
1 32
34 115
34 7
103 122
106 66
11 40
51 12
28 100
34 7
19 39
106 66
45 57
51 12
63 108
101 42
103 122
43 69
28 104
43 12
106 66
45 57
51 12
51 43
51 118
36 29
11 69
60 101
101 42
30 57
103 122
43 45
43 69
28 104
106 66
80 41
63 108
103 122
43 69
36 50
106 66
63 108
101 42
103 122
43 69
36 50
106 66
103 49
63 108
100 104
103 122
43 69
36 50
103 106
106 66
103 49
36 50
106 66
63 108
43 79
79 69
36 50
94 109
106 66
24 27
28 104
79 69
69 2
56 106
24 27
63 108
79 2
27 43
50 32
56 106
24 27
63 108
24 43
28 104
36 50
56 106
24 27
28 100
103 49
104 69
63 108
100 104
24 69
27 43
43 69
24 43
28 104
56 106
28 100
63 108
100 104
24 69
27 43
43 69
28 104
56 106
63 108
100 104
24 69
27 43
43 69
24 43
28 104
56 106
27 69
24 27
63 108
24 69
27 43
24 43
28 104
56 106
28 100
100 104
27 43
24 43
28 104
56 106
28 104
100 104
106 23
56 106
104 121
28 104
104 121
104 121
104 121
56 106
63 108
56 120
56 120
63 108
63 108
63 108
106 23
63 108
63 108
28 121
63 108
104 121
100 121
100 121
104 121
104 121
104 121
56 106
104 121
104 121
81 67
63 108
104 121
104 121
104 121
104 121
28 100
28 100
28 121
28 121
28 100
28 100
63 108
100 121
63 108
63 108
56 106
28 100
28 121
63 108
56 106
104 121
56 106
104 121
104 121
104 121
28 121
28 104
28 121
100 121
100 121
100 121
28 104
28 100
28 104
100 121
100 121
28 121
28 121
28 104
104 121
104 121
28 104
28 104
28 104
28 104
28 104
28 121
63 108
28 121
28 104
63 108
63 108
63 108
63 108
63 108
63 108
63 108
28 104
63 108
28 104
106 23
104 121
28 121
28 104
104 121
28 121
104 121
106 23
28 100
28 104
56 106
28 104
56 106
56 106
63 108
28 104
56 106
56 106
28 104
56 106
28 100
63 108
56 106
28 100
63 108
100 104
56 106
63 108
56 106
56 106
56 106
56 106
104 121
28 104
56 106
63 108
56 106
63 108
104 121
104 121
56 106
63 108
63 108
76 121
63 108
63 108
63 108
63 108
63 108
63 108
63 108
63 108
63 108
63 121
108 121
63 108
63 108
63 108
108 121
108 76
63 108
108 121
63 108
63 108
63 108
63 108
56 106
94 71
63 108
79 2
56 106
63 108
108 76
63 108
111 99
63 108
79 2
63 108
79 2
71 32
56 108
56 106
63 108
71 32
63 108
67 63
30 121
67 63
12 79
63 108
40 79
45 4
40 12
54 57
56 106
45 4
68 83
51 11
56 4
63 108
77 118
1 59
51 11
11 57
63 108
45 4
59 57
77 118
1 59
101 59
11 57
54 121
1 59
32 59
1 32
54 30
23 32
1 59
32 59
67 63
16 31
56 106
1 32
32 59
67 63
1 32
23 59
1 59
63 108
1 101
1 101
32 59
30 121
1 101
32 59
67 63
63 108
1 101
32 59
32 59
67 63
77 118
32 59
126 101
77 118
32 59
77 118
32 59
67 63
77 118
32 59
32 59
32 59
32 59
32 59
67 63
32 59
67 63
32 59
67 63
32 59
77 118
32 59
77 118
32 59
77 118
32 59
67 63
32 59
32 59
77 118
32 59
63 108
32 59
32 59
32 59
32 59
32 59
32 59
32 59
30 45
32 59
63 108
32 59
32 59
32 59
32 59
32 59
32 59
32 59
32 59
32 59
32 59
32 59
32 59
32 59
32 59
32 59
32 59
32 59
32 59
32 59
32 59
67 63
32 59
32 59
32 59
32 59
45 121
32 59
67 63
32 59
67 63
32 59
32 59
32 59
32 59
45 121
32 59
32 59
32 59
32 59
32 59
32 59
32 59
32 59
32 59
32 59
32 59
32 59
32 59
32 59
32 59
32 59
32 59
32 59
32 59
32 59
32 59
32 59
32 59
32 59
32 59
27 98
32 59
32 59
32 59
32 59
32 59
32 59
67 63
32 59
67 63
32 59
32 59
32 59
32 59
32 59
32 59
32 59
32 59
32 59
32 59
32 59
32 59
32 59
32 59
32 59
32 59
32 59
45 121
32 59
30 121
45 121
32 59
32 59
67 63
32 59
32 59
30 45
32 59
32 59
32 59
32 59
32 59
51 78
32 59
51 78
32 59
30 121
51 78
32 59
30 121
51 78
32 59
51 78
32 59
32 59
51 78
32 59
32 59
51 78
32 59
32 59
32 59
32 59
32 59
32 59
32 59
32 59
32 59
32 59
32 59
32 59
32 59
32 59
32 59
45 4
32 59
30 4
45 4
32 59
32 59
32 59
32 59
32 59
67 63
32 59
67 63
30 4
32 59
67 63
32 59
67 108
32 59
63 108
32 59
67 63
63 108
32 59
63 108
67 108
1 59
67 108
63 108
1 101
6 74
10 47
12 92
12 92
1 101
68 33
41 65
41 65
41 65
54 30
60 65
60 41
41 65
41 65
41 65
23 27
179
46 39
73 115
60 73
65 72
86 65
60 73
86 65
53 39
53 39
34 60
60 72
60 72
60 85
85 72
60 85
46 39
46 39
85 65
46 39
96 114
85 65
39 5
39 5
46 39
114 115
114 5
46 39
114 5
114 5
114 115
114 115
65 72
114 115
65 72
34 121
34 121
53 39
85 65
53 39
53 39
53 39
53 39
53 39
53 39
53 39
53 39
53 39
53 39
53 39
53 39
53 39
53 39
53 39
53 39
53 39
114 5
114 5
53 39
114 5
53 39
114 5
53 39
53 39
53 39
9 92
53 39
114 5
53 39
114 5
53 39
114 5
53 39
53 39
53 39
53 39
53 39
39 114
53 39
53 39
53 39
53 39
53 39
53 39
53 39
53 39
53 39
53 39
53 39
39 114
53 39
53 39
53 39
53 39
114 5
46 39
53 39
46 114
114 115
114 115
114 5
53 39
5 115
114 5
5 115
114 5
53 39
114 5
53 39
114 115
53 39
53 39
85 121
114 115
60 121
114 115
53 39
53 39
60 65
53 39
53 39
53 39
41 65
121 65
9 53
46 39
46 39
46 39
46 39
46 39
39 5
5 115
46 39
46 39
46 39
60 121
85 65
121 65
1 32
24 50
104 67
15 51
12 78
43 78
12 59
12 78
59 78
12 59
59 78
77 43
12 59
77 118
59 78
12 59
12 78
59 78
12 59
59 78
30 57
30 57
30 57
30 57
30 57
121 65
86 121
24 15
24 15
24 15
15 51
24 15
15 51
15 51
15 51
15 51
24 15
15 51
24 51
121 65
47 42
96 42
2041
16 51
41 65
16 51
41 65
14 41
14 41
14 41
40 33
41 65
14 41
1 40
82 109
109 99
126 31
126 31
14 41
16 51
16 51
14 41
16 51
16 51
94 44
14 41
94 44
14 41
41 65
25 27
14 41
3 41
26 75
3 41
3 65
41 65
26 75
3 41
3 65
3 41
3 41
75 27
75 11
26 11
26 75
80 41
25 27
3 41
26 11
3 41
26 11
80 41
3 41
75 27
3 41
3 41
26 11
3 41
3 41
26 27
9 65
3 41
75 11
9 65
3 41
26 11
52 9
26 11
52 9
14 20
26 11
75 11
26 11
26 11
26 11
75 27
25 27
95 3
95 3
95 3
40 83
12 83
41 10
26 27
26 11
56 40
81 40
95 51
69 4
75 11
81 75
75 11
26 11
11 40
26 11
11 40
52 18
26 11
94 16
11 40
80 119
94 44
75 40
26 11
75 40
26 11
11 40
16 40
75 11
26 11
75 83
95 16
26 11
26 75
75 83
95 16
56 40
60 65
26 11
81 26
80 119
26 11
26 75
106 40
95 16
26 11
26 75
106 40
95 16
26 11
106 40
81 27
75 11
26 11
106 40
56 40
95 51
75 11
26 11
106 40
26 11
56 40
26 11
60 115
106 40
75 11
26 11
88 64
106 40
56 40
26 11
43 43
95 16
56 40
26 11
56 40
16 3
26 11
81 75
56 40
26 11
106 40
56 40
81 26
28 100
26 11
28 100
56 40
26 11
28 100
26 11
81 26
28 100
28 100
60 5
26 11
106 40
26 11
28 100
95 16
26 11
28 100
95 16
56 40
5 115
75 11
26 11
81 26
106 40
26 11
81 26
95 51
26 11
81 26
51 119
95 51
28 100
28 36
41 5
51 119
95 16
95 51
16 51
81 26
28 100
28 36
106 40
95 16
28 29
56 40
95 51
100 36
81 26
28 100
28 36
106 40
95 16
28 29
28 56
28 108
106 40
95 16
28 29
29 108
26 11
28 108
56 106
28 100
106 40
81 11
29 108
26 11
95 16
26 11
28 100
41 5
95 16
16 51
75 11
26 11
28 100
41 5
95 16
95 51
100 36
28 100
28 36
41 5
95 16
100 36
28 100
25 27
28 36
41 5
95 16
28 100
41 5
80 119
106 40
95 16
28 100
41 5
106 40
95 16
41 5
95 16
41 5
106 40
95 16
95 51
81 27
11 40
25 27
41 5
95 16
81 27
56 83
41 5
106 40
95 16
95 51
26 75
81 75
41 5
95 16
95 16
40 83
56 106
41 5
56 106
41 5
40 83
26 11
41 5
95 16
26 11
3 80
41 5
95 16
51 80
26 11
41 5
95 16
26 11
41 5
81 27
26 11
26 11
51 119
81 27
26 11
100 36
81 27
26 11
28 100
75 27
100 36
26 11
28 100
28 36
95 16
75 27
26 11
16 3
26 11
26 27
15 51
16 3
25 27
26 27
26 11
81 26
41 5
81 11
75 27
81 26
81 75
41 5
15 51
26 11
81 75
26 25
40 83
16 3
26 11
56 106
25 27
75 27
40 83
26 11
25 27
41 5
15 51
26 11
25 27
80 119
75 27
15 51
26 75
25 27
80 119
81 11
95 16
15 51
26 75
80 119
13 115
95 16
15 80
15 51
40 83
26 75
13 115
95 16
15 51
26 75
13 115
26 75
26 75
25 27
95 16
25 27
95 16
95 51
15 51
51 80
75 11
95 16
95 51
75 11
81 26
95 51
40 83
13 115
40 83
40 83
109 78
95 16
51 80
40 83
16 3
59 69
80 119
51 119
3 119
51 80
16 119
51 119
28 75
51 80
75 100
28 100
51 119
28 75
11 83
75 36
28 36
51 119
28 75
75 36
16 3
100 36
75 11
75 100
108 11
110 80
28 100
28 36
95 16
95 51
100 36
75 11
28 100
28 36
41 5
11 6
95 80
51 119
100 36
75 11
28 36
51 119
100 36
28 100
28 36
80 119
11 6
95 16
100 36
108 11
28 100
28 36
41 5
80 119
11 6
95 16
16 3
100 36
28 100
28 36
41 5
80 119
11 6
95 16
16 3
36 94
28 100
28 36
80 119
11 6
95 16
28 100
80 119
11 6
80 119
11 6
95 16
80 119
11 6
95 16
1 101
51 80
11 6
95 16
40 83
94 1
41 5
11 6
95 16
44 59
1 32
95 16
1 32
95 16
94 44
69 4
1 32
59 4
11 6
95 16
16 3
1 32
59 4
11 6
95 16
1 3
1 32
59 4
11 6
94 44
1 3
102 41
59 4
11 6
94 44
59 69
102 41
11 6
59 69
102 41
11 6
94 44
41 5
102 41
124 80
11 6
95 16
102 41
124 80
11 6
95 16
52 80
102 41
11 6
95 16
102 41
124 80
11 6
95 16
102 41
124 80
11 6
95 16
11 6
95 16
94 44
75 11
3 11
102 41
11 6
95 16
3 69
75 11
51 71
102 41
11 6
95 16
94 44
75 11
101 51
101 69
102 41
124 80
11 6
95 16
94 44
75 11
102 41
43 80
11 6
95 16
94 44
75 11
102 41
94 44
16 3
75 11
102 41
1 51
11 6
75 11
101 32
102 41
1 51
11 6
94 44
101 32
102 41
1 51
101 32
102 41
94 44
51 32
16 3
81 26
102 41
32 3
102 41
32 3
95 16
94 44
102 41
94 44
60 13
94 44
60 13
102 41
95 16
94 44
25 27
94 44
1 119
16 32
16 32
95 32
95 16
95 16
17 78
43 80
95 16
15 51
81 26
1 40
1 51
40 119
1 40
16 40
1 16
27 29
25 29
109 78
108 5
109 78
102 41
109 78
109 78
94 44
15 66
109 78
40 83
17 78
75 6
65 115
109 78
75 83
109 78
102 5
109 78
94 44
109 78
75 6
109 78
75 6
109 78
109 78
75 6
109 78
109 78
40 83
109 78
109 115
75 6
75 6
94 44
75 6
66 110
75 6
83 6
94 44
17 78
17 78
40 83
15 110
25 98
28 36
28 36
63 108
88 108
63 108
28 100
88 125
88 63
63 108
108 125
63 125
67 108
88 108
28 100
88 125
63 108
63 125
67 108
63 108
100 64
81 36
67 63
28 100
36 29
109 119
63 108
23 120
28 88
60 8
28 100
36 29
63 108
28 88
94 44
67 108
15 110
88 64
28 100
75 66
63 108
23 120
28 64
88 64
106 66
44 83
28 100
63 108
28 64
106 66
17 78
28 100
63 108
23 120
28 88
94 44
40 83
67 63
36 64
28 100
28 88
40 83
88 64
67 63
36 64
28 100
40 119
40 83
67 63
36 64
28 100
109 40
23 120
40 83
36 64
28 100
15 62
23 120
8 84
64 125
56 106
28 100
23 120
28 88
40 83
67 63
64 125
56 106
15 62
23 120
40 83
64 125
56 106
109 40
40 83
88 64
56 106
28 100
40 83
56 106
36 29
40 83
85 22
36 29
23 120
50 64
94 109
40 83
40 83
85 22
23 120
40 83
88 125
28 64
94 44
40 83
15 62
40 83
66 110
53 14
20 5
66 110
53 14
28 64
66 110
20 5
28 64
23 26
85 22
20 5
66 110
25 66
88 125
23 26
25 66
66 110
28 100
53 14
66 110
81 75
28 100
66 110
81 75
66 110
81 75
28 100
20 5
66 110
20 5
40 83
66 110
81 75
40 83
66 110
66 110
81 75
66 110
66 110
66 110
66 110
66 110
24 50
66 110
81 75
66 110
103 75
81 75
36 50
66 110
25 27
109 119
25 27
109 119
66 110
88 125
25 27
109 119
37 29
66 110
88 125
88 125
20 5
20 5
20 5
20 5
66 110
20 5
66 110
66 110
49 37
66 110
25 27
66 110
52 13
66 110
66 110
66 110
20 5
66 110
37 29
66 110
28 64
37 29
88 125
66 110
66 110
85 22
56 106
28 100
85 22
66 110
56 106
88 125
85 22
66 110
56 106
85 22
66 110
56 106
66 110
56 106
88 125
85 22
66 110
56 106
88 125
66 110
56 106
88 125
20 5
40 83
66 110
56 106
8 84
40 83
66 110
20 5
49 37
66 110
56 106
88 125
20 5
49 37
66 110
88 125
20 5
49 37
66 110
88 125
20 5
40 83
66 110
88 125
53 14
20 5
40 83
66 110
88 125
52 13
40 83
66 110
20 5
49 37
40 83
66 110
49 37
40 83
66 110
85 22
66 110
40 83
66 110
81 75
88 125
49 37
66 110
56 106
88 125
49 37
40 83
66 110
56 106
88 125
49 37
66 110
56 106
49 37
55 77
40 83
66 110
56 106
49 37
66 110
56 106
49 37
66 110
56 106
49 37
36 50
66 110
56 106
88 125
49 37
36 50
66 110
56 106
88 125
49 37
66 110
56 106
88 125
63 108
66 110
56 106
88 125
49 37
66 110
56 106
88 125
66 110
56 106
88 125
66 110
56 106
88 125
66 110
56 106
28 100
20 5
49 37
66 110
56 106
28 100
66 110
56 106
28 100
88 125
49 37
66 110
28 100
49 37
66 110
28 100
49 37
66 110
56 106
28 100
49 37
66 110
56 106
28 100
49 37
66 110
56 106
28 100
49 37
66 110
56 106
28 100
49 37
66 110
56 106
28 100
88 125
49 37
66 110
56 106
49 37
66 110
56 106
66 110
56 106
66 110
56 106
66 110
56 106
28 100
49 37
66 110
56 106
28 100
49 37
66 110
28 100
20 5
49 37
66 110
56 106
28 100
20 5
66 110
56 106
56 100
88 64
66 110
56 106
28 100
49 37
56 100
66 110
56 106
66 110
56 106
20 5
49 37
56 100
66 110
56 106
15 62
20 5
66 110
56 106
66 110
56 106
28 100
66 110
56 106
66 110
56 106
66 110
56 106
49 37
66 110
56 106
49 37
56 100
66 110
56 106
49 37
66 110
56 106
49 37
66 110
56 106
49 37
56 106
49 37
66 110
56 106
49 37
56 100
56 106
28 100
49 37
56 100
28 100
49 37
52 13
56 106
28 100
20 5
49 37
49 37
94 109
85 22
94 109
115 61
49 37
56 100
94 109
28 100
20 5
49 37
66 110
28 100
49 37
66 110
66 110
81 75
28 100
66 110
56 106
81 75
49 37
66 110
49 37
66 110
49 37
66 110
88 125
20 5
66 110
20 5
66 110
81 75
66 110
81 75
66 110
49 37
66 110
88 125
66 110
20 5
49 37
66 110
49 37
94 44
66 110
49 37
94 44
66 110
56 106
115 61
20 5
85 22
66 110
66 110
115 61
85 22
66 110
56 100
66 110
56 106
56 100
66 110
81 75
66 110
81 75
66 110
81 75
66 110
56 100
66 110
81 75
49 37
56 100
66 110
56 100
66 110
66 110
88 125
49 37
66 110
88 125
56 100
66 110
81 75
88 125
20 5
56 100
66 110
81 75
88 125
56 100
66 110
81 75
88 125
66 110
81 75
28 100
88 125
49 37
66 110
81 75
88 125
49 37
66 110
81 75
28 100
88 125
49 37
66 110
81 75
88 125
20 5
49 37
66 110
28 100
88 125
115 61
49 37
66 110
28 100
88 125
20 5
85 22
66 110
28 100
88 125
115 61
66 110
28 100
85 22
66 110
28 100
66 110
28 100
115 61
66 110
28 100
49 37
66 110
56 106
88 125
85 22
66 110
88 125
85 22
66 110
56 100
85 22
66 110
28 100
66 110
88 125
66 110
88 125
66 110
85 22
66 110
85 22
66 110
55 77
66 110
66 110
88 125
94 44
85 22
66 110
66 110
66 110
49 37
66 110
49 37
28 56
66 110
85 22
66 110
66 110
53 14
66 110
66 110
56 100
66 110
28 100
75 110
66 110
56 100
28 100
75 110
81 75
85 22
81 75
81 75
41 5
85 22
81 75
115 61
85 22
81 75
115 61
41 5
85 22
81 75
115 61
85 22
81 75
115 61
41 5
85 22
81 75
85 22
81 75
56 100
85 22
81 75
85 22
81 75
115 61
81 75
115 61
85 22
81 75
115 61
85 22
81 75
115 61
56 100
85 22
81 75
115 61
85 22
81 75
85 22
81 75
85 22
81 75
49 37
81 75
81 75
81 75
81 75
81 75
40 83
85 22
81 75
28 100
109 83
85 22
66 110
81 75
28 100
85 22
81 75
28 100
81 75
28 100
81 75
28 100
85 22
66 110
81 75
28 100
81 75
28 100
20 5
81 75
28 100
81 75
28 100
81 75
28 100
81 75
85 22
81 75
28 100
81 75
28 100
88 125
81 75
28 100
88 125
81 75
28 100
81 75
28 100
85 22
100 112
81 75
28 100
85 22
100 112
81 75
28 100
81 75
28 100
56 100
85 22
66 110
81 75
28 100
85 22
81 75
28 100
85 22
81 75
28 100
88 125
85 22
81 75
28 100
85 22
81 75
28 100
56 100
66 110
81 75
28 100
56 100
85 22
81 75
28 100
85 22
81 75
28 100
85 22
81 75
28 100
85 22
81 75
28 100
66 110
81 75
28 100
66 110
81 75
28 100
85 22
81 75
28 100
53 14
56 100
85 22
81 75
28 100
85 22
81 75
28 100
85 22
81 75
28 100
85 22
81 75
28 100
85 22
66 110
81 75
28 100
85 22
122 73
81 75
28 100
85 22
81 75
28 100
81 75
28 100
85 22
122 73
81 75
28 100
20 5
81 75
28 100
81 75
28 100
66 110
81 75
28 100
66 110
81 75
28 100
81 75
28 100
81 75
28 100
81 75
9 19
28 100
81 75
9 19
28 100
15 110
81 75
28 100
81 75
28 100
81 75
28 100
20 5
81 75
9 19
28 100
20 5
81 75
9 19
28 100
81 75
28 100
85 22
81 75
28 100
85 22
67 63
81 75
28 100
85 22
67 63
81 75
28 100
85 22
67 63
81 75
28 100
85 22
81 75
28 100
20 5
85 22
81 75
28 100
88 125
85 22
81 75
28 100
56 100
85 22
81 75
28 100
85 22
66 110
81 75
28 100
88 125
85 22
81 75
28 100
56 100
85 22
81 75
28 100
15 110
85 22
81 75
28 100
85 22
81 75
28 100
81 75
9 19
28 100
85 22
81 75
9 19
28 100
85 22
81 75
9 19
28 100
81 75
28 100
85 22
81 75
28 100
85 22
66 110
122 73
81 75
28 100
115 61
20 5
81 75
9 19
28 100
85 22
81 75
9 19
28 100
85 22
81 75
28 100
20 5
85 22
81 75
28 100
20 5
85 22
28 100
85 22
81 75
28 100
85 22
81 75
9 19
28 100
85 22
81 75
9 19
28 100
85 22
81 75
28 100
85 22
81 75
28 100
115 61
13 42
85 22
81 75
28 100
115 61
85 22
81 75
28 100
81 75
28 100
115 61
56 100
85 22
81 75
28 100
115 61
85 22
66 110
81 75
28 100
56 100
85 22
81 75
28 100
115 61
81 75
28 100
115 61
20 5
81 75
28 100
20 5
56 100
81 75
28 100
85 22
81 75
28 100
115 61
81 75
28 100
115 61
81 75
28 100
115 61
81 75
28 100
115 61
85 22
81 75
9 19
28 100
115 61
56 100
81 75
28 100
115 61
56 100
81 75
28 100
115 61
81 75
28 100
115 61
56 100
81 75
28 100
115 61
81 75
9 19
28 100
115 61
81 75
28 100
115 61
85 22
81 75
28 100
88 125
115 61
81 75
28 100
88 125
81 75
28 100
88 125
81 75
28 100
88 125
85 22
81 75
28 100
88 125
85 22
28 100
88 125
20 5
85 22
81 75
28 100
88 125
20 5
56 100
85 22
81 75
28 100
88 125
85 22
81 75
28 100
88 125
85 22
81 75
28 100
88 125
52 22
81 75
28 100
88 125
85 22
81 75
28 100
88 125
85 22
81 75
28 100
88 125
52 22
85 22
81 75
28 100
88 125
52 22
66 110
81 75
28 100
88 125
77 80
66 110
81 75
28 100
40 83
28 56
66 110
81 75
28 100
85 22
66 110
81 75
28 100
26 27
56 100
81 75
88 125
90 2
26 27
56 100
81 75
88 125
26 27
56 100
88 64
81 75
9 19
36 29
88 125
15 62
26 27
66 62
60 14
81 75
28 100
36 29
88 125
115 61
100 64
14 13
56 100
36 50
85 22
37 64
81 75
28 100
88 125
100 64
49 50
52 13
36 50
49 36
56 24
81 75
70 59
28 100
115 61
63 108
23 120
36 64
9 19
28 100
88 125
115 61
59 69
26 27
85 22
69 4
9 19
28 100
115 61
48 49
85 22
69 4
62 113
9 47
9 19
28 100
88 125
115 61
63 108
27 50
80 79
103 122
85 65
62 113
9 47
28 100
88 125
63 108
65 22
46 39
85 65
62 113
28 100
70 69
15 50
88 125
27 67
48 49
85 42
40 69
53 14
13 115
46 39
101 22
62 113
70 69
88 125
27 67
63 108
101 8
60 61
46 39
101 22
112 67
62 113
70 59
70 69
115 61
27 67
24 9
60 115
101 8
14 115
14 8
60 61
46 39
112 67
115 61
24 9
60 115
112 29
60 61
115 61
60 115
112 29
60 61
115 6
60 6
115 61
60 115
112 29
5 61
60 61
115 6
61 6
41 65
60 6
115 61
60 115
81 19
23 120
112 29
73 74
60 61
115 61
60 115
112 29
60 61
41 65
115 61
60 115
60 61
41 65
24 40
115 61
23 67
60 115
112 29
60 61
41 65
6 74
26 75
56 106
115 61
23 67
23 112
60 115
112 29
60 61
67 29
56 106
28 100
115 74
23 67
23 112
112 29
23 29
73 74
60 61
15 51
41 65
56 106
28 100
60 61
15 51
6 74
56 106
60 61
6 74
56 106
60 61
56 106
85 101
60 61
56 106
85 42
101 42
60 61
56 23
106 23
56 106
101 42
60 61
56 23
106 23
56 106
60 61
106 23
56 106
60 61
56 106
56 106
60 61
29 47
29 47
15 51
66 51
66 51
29 47
23 120
60 61
60 61
60 61
80 61
60 61
53 14
80 61
60 61
60 80
53 14
80 61
53 14
80 61
53 14
80 61
53 14
53 14
16 55
16 14
53 14
53 14
53 14
53 14
53 14
53 14
53 14
53 14
53 14
53 14
53 14
53 14
53 14
53 14
35 115
35 115
81 36