16 4
31
1 2
1 3
1 4
2 3
2 4
2 14
2 16
3 4
3 10
3 16
4 5
5 6
5 7
58
5 9
6 7
6 8
7 8
7 9
8 9
8 10
10 11
10 13
10 14
10 15
10 16
11 12
11 13
11 15
12 13
12 14
13 14
13 15
14,15
15 16
35
1 2
1 3
1 4
2 3
2 4
2 14
2 16
3 4
3 10
3 16
4 5
5 6
5 7
5 8
5 9
6 7
6 8
7 8
7 9
8 9
8 10
10 11
10 13
10 14
10 15
10 16
11 12
11 13
11 15
12 13
12 14
13 14
13 15
14 15
15 16
30
1 2
1 3
1 4
2 3
2 4
2 14
2 16
3 4
3 10
3 16
4 5
5 6
5 7
5 8
5 9
6 7
6 8
7 8
7 9
8 9
8 10
10 11
10 13
10 14
10 16
11 12
11 13
12 13
12 14
13 14
24
1 2
1 3
1 4
2 3
2 4
2 16
3 4
4 5
3 16
5 6
5 7
5 8
5 9
6 7
6 8
7 8
7 9
8 9
9 11
11 12
11 13
12 13
12 14
13 14